P_Ankle_Flex_Ext,NP_Ankle_Flex_Ext,P_Ankle_Abd_Add,NP_Ankle_Abd_Add,P_Knee_Flex_Ext,NP_Knee_Flex_Ext
87.3930622971268,103.088079595239,2.73473093931534,0.125682758673882,22.1958339534919,15.2838761631062
87.147847854487,102.889062384569,3.52867548342708,-0.115962509032603,22.7337495890619,17.4015631546161
87.0022235694556,102.576916361458,4.35042857283919,-0.386884038122792,23.309972021263,19.6713854632189
87.0127064184859,102.092866667804,5.19716568960855,-0.692468448622362,23.9357454686434,22.1348031810812
87.2053735296608,101.382790544632,6.05220631132242,-1.03421203239636,24.6039037999722,24.8270684490614
87.5748988440661,100.402972388095,6.88752301140903,-1.4077913217052,25.2860855067231,27.7691064461598
88.0921178826455,99.1256514210007,7.66977585167858,-1.80095830838497,25.9379946491268,30.9610751933522
88.7148495125906,97.5440985414702,8.36768567847243,-2.19203173211886,26.5114668000865,34.3786539385851
89.3979937687676,95.6763984028312,8.95920082175607,-2.55067008841271,26.9676852754593,37.9738843976959
90.1007215310148,93.566531531735,9.43606750398928,-2.84070710800366,27.2851173211377,41.6808432616537
90.7910640916896,91.2821150808839,9.80398072402805,-3.02472483960952,27.4604037587412,45.4232856711392
91.4485477651088,88.9118498038919,10.0794279744309,-3.07074783407823,27.505318493836,49.1210881500535
92.0640990845461,86.5646301350945,10.284829565003,-2.95955199384734,27.4425319878088,52.6967185357433
92.6374414258533,84.3658151576306,10.4424498479646,-2.69081672819785,27.300009017632,56.0834641293145
93.1735397410084,82.4439492101488,10.5687461059814,-2.28741391675364,27.1039572014551,59.2326250691457
93.6789457082762,80.907085531041,10.6719643599427,-1.79582640688093,26.8729611881991,62.115830250991
94.1588092362671,79.8188016922133,10.7537509627838,-1.28031812045633,26.6159250149428,64.7215803000301
94.6158487813153,79.1878667019495,10.8124420864524,-0.810166002006025,26.3336141340943,67.0487559820849
95.0511761588614,78.9759815491609,10.8458957689003,-0.442518169046748,26.0224334401616,69.1012365596905
95.4653577823843,79.1175520609,10.8533609948537,-0.208553364291637,25.6788711619405,70.8852358052075
95.8587449909178,79.541123005923,10.835962811179,-0.11028845385632,25.302562240476,72.4073992248843
96.2317442188171,80.1828970658508,10.7962014198386,-0.127459329237925,24.8972516495991,73.6714688795266
96.5860273792049,80.9899618176391,10.7375521956173,-0.227609155663643,24.4705251247962,74.6748150663756
96.9256607671171,81.917794866014,10.6642051133058,-0.373358948303335,24.0329691679081,75.4079843476696
97.2561057142952,82.9270719556439,10.5805298462789,-0.526280764280725,23.5972080970665,75.8572071724666
97.5813387008807,83.981948153804,10.4901852868631,-0.650159189542877,23.1771484314207,76.0070934593952
97.9021474952721,85.0491712685568,10.3957648887539,-0.715120768735127,22.7867850394795,75.8428032682211
98.218339598735,86.0973564261254,10.3000573938533,-0.701907490310992,22.4379558751338,75.3517791889013
98.5323014150162,87.0977312023898,10.2072315684385,-0.604585213215369,22.1380493981238,74.5237295142188
98.84904153474,88.0265868785316,10.1219969726522,-0.43017456451148,21.8891020933311,73.3494941449793
99.1740526906718,88.8677627775517,10.0480293470497,-0.194965506171655,21.6883982417042,71.8204845144602
99.512706765088,89.6141743066547,9.98698064208577,0.0808749174281707,21.5299825911455,69.9280353483251
99.8700230984596,90.2667851124613,9.93794107025943,0.377671134186289,21.406483530602,67.6625249909738
100.249256022637,90.8304006868895,9.89768230163137,0.677957982402716,21.3105673072483,65.0152230280413
100.651276859916,91.3104856419541,9.86175901172293,0.966626243646731,21.2359153575362,61.9849328652172
101.07545729783,91.7134909327555,9.8254405777593,1.23135562622062,21.1779764054553,58.5867428979011
101.520034702795,92.0472148122436,9.78420948990212,1.46293877446891,21.1342568002167,54.8585839109415
101.981892334429,92.3195154806262,9.73446618416709,1.65427531178967,21.1040739644533,50.8635179342166
102.457394585141,92.5382781772676,9.67404900561414,1.79859207883275,21.0883902214373,46.6867029759582
102.943624618148,92.7144946792394,9.60224960284611,1.88910347678845,21.0900226946663,42.4277874251511
103.438187362116,92.8647105822274,9.51980994274534,1.92122369857865,21.1138079621219,38.192770091535
103.938325186036,93.0057720097926,9.42850054643091,1.89479528733168,21.1665655366634,34.0880593476958
104.44085351264,93.1429677719117,9.33022356399388,1.81409989530355,21.2572322644779,30.2170232207125
104.942011296133,93.2625646904458,9.22657504443727,1.6872076029032,21.3972426401504,26.6779637962266
105.436467091227,93.3347635933443,9.11853498932086,1.5264610271668,21.6008559702601,23.5586071207568
105.916263657036,93.3236085252178,9.00602882978959,1.34897466674746,21.8854839386537,20.9258732832895
106.37011612815,93.1980369108177,8.88788362216077,1.17496907620927,22.272227243105,18.8179586495028
106.78285771373,92.9396036282582,8.76174418528124,1.02487874411476,22.786126690567,17.2426272056971
107.134582925138,92.5461695427521,8.62431248624575,0.918285153857835,23.4555839870223,16.1794761315137
107.399477089865,92.0344244507884,8.47245947207362,0.874831654837088,24.3114176325244,15.584583453395
107.546023489,91.4430639841802,8.3041188533111,0.914807785310172,25.385555896583,15.3973000707932
107.540252640898,90.8329344066576,8.11891664162948,1.05772023598171,26.7085301163906,15.5487354549723
107.350270108107,90.2786150027276,7.91904593222763,1.31847267709717,28.3064722934204,15.9713001811518
106.949305285546,89.8532660751887,7.70939264421469,1.70207421081552,30.1989546012976,16.6064110015215
106.317933090279,89.613820082271,7.4967247713552,2.19885489978865,32.3973139572051,17.4044148136277
105.447258899001,89.5904455595892,7.28889184048508,2.78284770402045,34.9027139577952,18.3155154362379
104.342453326676,89.7819985117191,7.09441550266039,3.41489950675603,37.7041954566572,19.2802466433532
103.025121199026,90.1592547546188,6.92253436022419,4.04942555278261,40.7770651470045,20.2287356476553
101.534685715564,90.6748292282654,6.78345199538019,4.6424450496721,44.0819985746158,21.089605057606
99.9288589642247,91.2754552843742,6.68762064574289,5.158576666004,47.5656739495856,21.8028187220498
98.2809372448015,91.9123682217692,6.64252227557859,5.57517878388035,51.1625090492833,22.3295510440009
96.6726124804749,92.5472155362772,6.64806450398465,5.88310327095225,54.7960646271455,22.6543550197703
95.1844747208125,93.1532867095081,6.69478419242585,6.0849347845309,58.380942626743,22.780622994043
93.8874299170641,93.7137296496008,6.7667067331734,6.19177000748173,61.8268224166572,22.7249651088837
92.8372516203991,94.2187928286731,6.84596983598303,6.21917769947719,65.0459895207142,22.512929110068
92.0726633887262,94.6644696685046,6.91598804243059,6.18333516742067,67.9678411841076,22.1739971738775
91.6148062497939,95.0526218707463,6.96333552239143,6.09818916488005,70.5552439883393,21.7358525588258
91.4656144074959,95.3892825480396,6.97961570095671,5.97396356869171,72.8071176226516,21.2209536229437
91.6063374657491,95.6808765208573,6.96277361873236,5.81748150020443,74.745218002996,20.6469944595552
91.9997096136907,95.9324557330735,6.91699681592596,5.63420871279042,76.398296152405,20.0289613691931
92.5948499132463,96.1489018830341,6.85094660769328,5.43074121736672,77.7912920326891,19.3796002789468
93.3313601154699,96.3362792819622,6.77464741097349,5.216179922723,78.9404183826842,18.7087392263084
94.1440023114364,96.5022265755132,6.69674377378587,5.00146516806235,79.8535006090502,18.0233998762053
94.970259025111,96.6555987917285,6.62344387554085,4.79702899746183,80.5323166298347,17.3282757718464
95.7580318752401,96.8055851277134,6.55844126068167,4.61071611632165,80.9740067090371,16.6261317174733
96.4699576298804,96.9611014461397,6.50286096840332,4.44762361073214,81.1712891221692,15.9193850124992
97.08396102026,97.1299260097529,6.45552934969373,4.31103059926607,81.1122785938107,15.2127119499472
97.5917976680423,97.317020739429,6.41433931189548,4.20285378634417,80.781047535595,14.5139114803835
97.9967772295331,97.5237670002797,6.37836198081453,4.12331831667373,80.1592698845002,13.8323512252341
98.3100703701228,97.7486034597844,6.34895110138325,4.0700103469229,79.227991776763,13.1778889329752
98.5462956377552,97.9875434766849,6.32917859256541,4.03715220388346,77.9687339183377,12.5608806481409
98.7207096746559,98.2345487264751,6.32279760119729,4.01580450148594,76.3641862018371,11.9912207665207
98.8477099567058,98.482967933488,6.33314963266903,3.99441020247018,74.3999909150449,11.4766786335435
98.9389553295637,98.7280497201323,6.36197899703929,3.95993556191417,72.068208518221,11.0222846464275
99.0015038653656,98.9686633556421,6.40913662358428,3.90000804627106,69.3708198125693,10.6310564236167
99.0369149421074,99.2067729562946,6.47288564441279,3.80514222699409,66.3225298446064,10.3053234803845
99.0412807613171,99.4458188425911,6.54947517703944,3.67058385916454,62.9531087200463,10.0478073233281
99.0054302384028,99.6893948788641,6.63258312087341,3.49705552764443,59.3085813623732,9.86197983420993
98.9147375117929,99.9397354861332,6.71313580029483,3.28967424988401,55.451509886804,9.75226483024116
98.749642664002,100.196426489534,6.77859950897662,3.05592099164751,51.4603804407729,9.72484599017661
98.4878214183747,100.45718155501,6.81254798458664,2.80352903407714,47.4261405804775,9.78827774221549
98.105940352896,100.720222301972,6.79597207731776,2.53865903635959,43.4459178037099,9.9525696927071
97.5796270380555,100.98515651481,6.70953998996146,2.26518916688949,39.6167509006286,10.2270654689073
96.8849560938486,101.250771832312,6.5358537882202,1.98546043045006,36.0308147527256,10.6184456169446
96.0039592697649,101.512481711515,6.26225906491209,1.70157496910968,32.7703749070477,11.1294555257625
94.931976540174,101.762548425103,5.88378531164572,1.4163049978162,29.8996251899599,11.7576353080144
93.6841228830861,101.992223166192,5.40483113202202,1.13339511677786,27.4554857955808,12.4933142424163
92.2984286103653,102.193828298942,4.83984707484761,0.857248508000748,25.4434263199102,13.3176027399477
90.8335176773537,102.362463948687,4.2136501979081,0.592533232791075,23.8394237485818,14.2011705797889
89.3615815928097,102.497251895151,3.56060513450315,0.344437125806205,22.5957053776565,15.1037984714111
87.9593993411075,102.601529636036,2.92168338830615,0.119222191585133,21.6505243571922,15.9757282784669
