P_Ankle_Flex_Ext,NP_Ankle_Flex_Ext,P_Ankle_Abd_Add,NP_Ankle_Abd_Add,P_Knee_Flex_Ext,NP_Knee_Flex_Ext
91.9854971618961,113.310568322598,12.3714904908991,10.5147158185039,15.0668355134129,19.8567201969446
92.2475802128421,113.879801564868,12.7503354605499,10.6245291246573,15.9354726235691,20.6943639213213
92.5454792498767,114.396510081209,13.1139215994772,10.7188278188946,16.822894249001,21.5878619131694
92.8941617784918,114.809217717713,13.4544996851233,10.7871523370493,17.7272477512892,22.5654696740317
93.2937452019853,115.06221947471,13.7548948905756,10.8218778893341,18.6243998843849,23.6612575535252
93.7308111187161,115.099170631038,13.9930995549493,10.8189396177192,19.4687855371549,24.9137520849851
94.1848876088273,114.866247073761,14.1520492710101,10.7775424182846,20.2050851093188,26.3644388464112
94.6356577755769,114.31515031436,14.2285133497193,10.6995449957026,20.7856858754119,28.0549842694491
95.0681346027746,113.407264676031,14.2357442408952,10.5888895110288,21.1849850995972,30.0218649128824
95.4746964710523,112.119484397482,14.1977129099164,10.4508526117695,21.4039836985522,32.2887636293483
95.85387716922,110.450982145875,14.1387740808716,10.2913183569675,21.4647643664862,34.8587338042327
96.2077833874836,108.429345538373,14.0755542808045,10.1176527666869,21.4002919568091,37.7077783604392
96.539893803283,106.114135934695,14.0142696178523,9.94159353095273,21.2458359880252,40.7822091052376
96.8535403856378,103.596176686998,13.9533202974765,9.78102069222772,21.0343863024941,44.0031364443185
97.1513966101732,100.991867238526,13.8892105850752,9.65784367981927,20.7947613254797,47.278093260324
97.4352538538085,98.4328613499948,13.8215703489878,9.59279335142894,20.5505356023395,50.5145184267774
97.7050058797797,96.0526123211844,13.7537459228556,9.59883319800251,20.3189428659769,53.6296566402254
97.9579422019854,93.9724027604311,13.6896907484908,9.67481007367408,20.1096040280983,56.5553091089035
98.1892414481312,92.288058033396,13.6307615874036,9.80275818490288,19.9232240999994,59.2378196787579
98.3924209907768,91.0568526051457,13.5747672098446,9.95235739214057,19.7510221612696,61.6344137819225
98.5597133848352,90.2883482300486,13.5169652431381,10.0915759065373,19.5760366928405,63.7088488521079
98.6839635614559,89.9466206152492,13.4515407633468,10.197840214575,19.3765516637816,65.4295993528966
98.7610104006246,89.964231077385,13.3724751225982,10.2641493692818,19.1306763579478,66.7698197031037
98.790533919736,90.2599165509807,13.2742909183477,10.2984033007014,18.82069034015,67.7061677091871
98.7764651483088,90.7525562451497,13.1538637173338,10.3178284881774,18.4357689439711,68.2170090335956
98.7277522258896,91.3692505205744,13.0126841369198,10.3415825288944,17.9723200933942,68.2829327800522
98.657827357803,92.0500233974531,12.8575942428286,10.3846439202268,17.4327467330448,67.8909274946062
98.582465527707,92.7505099259911,12.6992584074973,10.4548562131388,16.823969692955,67.0388354223595
98.5175781140429,93.4408624483919,12.5489212943553,10.5525818928288,16.156099528813,65.7345459074835
98.4772742965421,94.1018161707459,12.4148676782201,10.6718150755393,15.4415546650724,63.9917972563885
98.4714526919147,94.7212749744505,12.300734054025,10.8019725616125,14.6947467639083,61.8296938255179
98.5037941552444,95.2922937023014,12.2057980234606,10.9300852936062,13.9316534422375,59.2764723719198
98.5714549050774,95.8112738695502,12.1258821606012,11.0434089970329,13.1691546243235,56.3726558448475
98.6665449225323,96.2758562860229,12.0549813536303,11.1309516009225,12.4248610753609,53.1721343843916
98.7796604462796,96.6826504734258,11.9877364938033,11.1827792535039,11.7173287573012,49.7433463403472
98.904182499757,97.0254217159259,11.9215738888499,11.1886200229003,11.0655371651556,46.1707607419621
99.0388956900342,97.2945985347388,11.8573243580753,11.1375934981206,10.4876127257441,42.5539905208081
99.188479532884,97.477869575628,11.7985135125991,11.0203870968644,10.0000043831384,39.0013134047222
99.3614546241459,97.5618207084166,11.750424910961,10.8349843268364,9.6173175436643,35.6186752797055
99.5660445765433,97.5354490496978,11.7191466477669,10.5938837758421,9.35211971055013,32.5019668403267
99.807439473813,97.3956751591873,11.7103843967268,10.328285390088,9.21487044277766,29.7354727492172
100.088280907099,97.1531934724761,11.7284711073177,10.0875077492934,9.21415545025127,27.3897906321479
100.410074931644,96.8355534156688,11.7759398962046,9.93383717791063,9.35603340594341,25.5147991059626
100.773096141823,96.4851633808697,11.8533737683611,9.93151634530915,9.64202753824236,24.1306064288836
101.175103226645,96.1521825888555,11.9587256455013,10.1314921348314,10.0673567010637,23.2228323860853
101.610160166874,95.884920020677,12.0861308328823,10.5577862432917,10.6207606131218,22.7459990803235
102.06792900647,95.7212119770649,12.2258737338904,11.1983721616157,11.2857569080807,22.6310824529158
102.533845475018,95.6823139351156,12.3663308915493,12.0016132052935,12.0422776935871,22.7907717115985
102.990211018182,95.7706394993383,12.4968774824518,12.8825641911527,12.8680691613879,23.1241897052198
103.416821755164,95.9728161274241,12.6108273104842,13.7412017129727,13.7408543008004,23.5270168956526
103.790951404228,96.2664212561145,12.7076370010851,14.4870157542996,14.6425940224875,23.9056334356017
104.088448977821,96.6266935473066,12.7933373515945,15.0606506095335,15.5649009385191,24.1895555902739
104.285750380883,97.0311163815229,12.8788913766008,15.4448945259035,16.5122618148891,24.338470751267
104.361047823485,97.4616863203547,12.9775828684526,15.6614496529076,17.5007261028581,24.3419907791575
104.295172293042,97.9044940911486,13.1027938964539,15.7556849149686,18.5531921786816,24.2126007143402
104.073992650107,98.3468979850698,13.2661232146699,15.7763866897686,19.6935595855274,23.9752493606885
103.691948338079,98.7750592242576,13.475179379101,15.7597653561434,20.9413783106396,23.65828800899
103.154068000681,99.1739815702478,13.7317019719576,15.7246698626684,22.3087929173949,23.2870542636069
102.475196940107,99.5290444892352,14.031134011315,15.67786959573,23.799259923251,22.8789237591422
101.678116815133,99.8276907720788,14.363311711525,15.6218884349557,25.4049841357643,22.4417248440944
100.792414633912,100.061016705756,14.7136861637046,15.5589625717562,27.1032343435138,21.9763045855872
99.8537078763236,100.22488682639,15.0652151497783,15.4900495230219,28.8555815809438,21.4791284260026
98.901441604134,100.319970995477,15.40035001626,15.4126801146244,30.6112875789115,20.9428664159509
97.9755266327118,100.350592386756,15.7021943647091,15.321323644674,32.3117365816997,20.3573416409656
97.1136806340225,100.323839404823,15.9549147867451,15.209635602492,33.8941342856676,19.7114133422066
96.349051907828,100.250141140325,16.1446006911638,15.0729145282787,35.2955251559625,18.9954439187647
95.7071379833519,100.143793584088,16.2618154023549,14.9104816442755,36.457206201253,18.2057768312046
95.2029061090147,100.022155814989,16.3047147321867,14.7264978415719,37.3283193538282,17.3496153025101
94.8393761116384,99.9043164575099,16.2793849560662,14.5281127703326,37.8693349472489,16.4474161095046
94.6088560128701,99.809665296633,16.1964542561597,14.323045532274,38.0553120754384,15.5327123981652
94.4967348528807,99.7563361359385,16.067471937061,14.1185923432335,37.8770984700345,14.647628146637
94.4849529070812,99.7597063135249,15.9037191008989,13.9213000300892,37.3422624584255,13.8322963975189
94.5521447940333,99.8305442663937,15.7158636906969,13.7367672663835,36.4773910242301,13.1152607263191
94.6717783671012,99.9731831980776,15.5128430965045,13.5700691252632,35.3295204684281,12.5134785435305
94.8135802843907,100.185302067434,15.3011993044197,13.4258935231414,33.9648984156109,12.0370836711899
94.9494791244199,100.459310840049,15.0866881660545,13.3071879728282,32.4641925469911,11.6907162192822
95.0584932786424,100.784180994926,14.8774327285991,13.2132882173541,30.9147249166024,11.4733647504553
95.127136609327,101.147358700314,14.6849425389746,13.1392646538987,29.4017540259685,11.3794347877053
95.1479595305854,101.536414437274,14.5211273738394,13.0764373411891,27.9998757770259,11.3994584582303
95.1187763781816,101.940125474211,14.3943219230687,13.013227087093,26.7668337247153,11.52051613586
95.0420887295222,102.349000187135,14.3070772635507,12.9368320279722,25.7408416357941,11.7272138379079
94.9244150247211,102.755550627039,14.2555595576155,12.8362648204914,24.9390577275268,12.0026925778558
94.7766019141156,103.154970955303,14.2311514237413,12.7051118331506,24.3573860895207,12.3297321318926
94.6145191408037,103.545795138702,14.2239427835631,12.5422862169472,23.9728417258072,12.6923015281548
94.4571467922674,103.929750240002,14.2254959181558,12.351275087002,23.7475367836781,13.0770668740762
94.3211399729456,104.311396227357,14.2299422274364,12.1388692197201,23.6343596381402,13.4744130067175
94.2153708909015,104.698035335625,14.2339463264413,11.9137596090547,23.5839171688264,13.8786862667204
94.1398742164503,105.099255122248,14.2358818411062,11.6849362626993,23.550255318056,14.2873937675072
94.0892379144267,105.525488677783,14.2346020694252,11.4600651553496,23.4934920574465,14.6998866267296
94.0548040745307,105.985614369765,14.2282187340928,11.2450379136795,23.380132305395,15.1163503622995
94.0241098956125,106.484217378271,14.2135524068614,11.0448282023363,23.183399881363,15.5375292538676
93.9827841318902,107.019966025197,14.1860959757201,10.8640907476127,22.883221805496,15.9651069738172
93.9187540132148,107.586887840951,14.1397592354491,10.706871609629,22.4644289605931,16.4020018548582
93.8242827002659,108.177755095518,14.0666894565113,10.576058188308,21.9154315256615,16.8518185893985
93.6961439281543,108.786051189231,13.9577608210294,10.473088008924,21.2299209072406,17.3175968925872
93.5352102066946,109.405448052688,13.8041195677862,10.3979365602351,20.4105234552849,17.8006129127592
93.3442488661919,110.02881964706,13.5997459166408,10.3492841534618,19.4717318655479,18.2993638896934
93.1263373397704,110.64740804259,13.3441644859139,10.324976797763,18.4409979937712,18.8085776653425
92.887043148172,111.249380399757,13.0447962967589,10.3222485144131,17.358526042424,19.3185739548038
92.6369407575977,111.819137398246,12.7181814899465,10.3370047048084,16.2748286106739,19.8151007811415
92.3913281380483,112.339251893051,12.3881259586313,10.3629287012864,15.2450841937529,20.2796212707385
