P_Ankle_Flex_Ext,NP_Ankle_Flex_Ext,P_Ankle_Abd_Add,NP_Ankle_Abd_Add,P_Knee_Flex_Ext,NP_Knee_Flex_Ext
97.0835983202742,112.449049023596,2.13451193746152,-6.82990696065022,24.6121717793053,19.1704316282423
96.8143848738361,112.676219855012,2.80397590476649,-6.94676110972042,25.9838229584506,20.2256658151157
96.625827964178,112.844002388133,3.47285537499386,-7.09215543375708,27.3412917099785,21.3887195064394
96.5605069830668,112.910601788815,4.12505329721238,-7.27524236473026,28.6471714839636,22.7082673709277
96.6374140842775,112.834256865161,4.73138773390501,-7.50181973286941,29.8522170707821,24.2291263780396
96.8541897359998,112.576486526157,5.26238707540572,-7.77237410790576,30.9034550073531,25.9877676020755
97.1918980345086,112.105599917473,5.69883006145703,-8.07991987075456,31.7551831835034,28.0107284877502
97.6197982783922,111.400062516521,6.03451631482351,-8.4090088077536,32.3765876702975,30.314305363822
98.101432384675,110.451714611571,6.27488780232011,-8.73779340222099,32.755177602352,32.9032122325348
98.6010924820265,109.268389957213,6.43407930914557,-9.04274619017085,32.8978922043597,35.7675677823225
99.0885778889708,107.875766122092,6.53059471826296,-9.30327728927037,32.8299543142463,38.8806960979046
99.5417672161523,106.318856409466,6.58241585714078,-9.50402511803269,32.590478303832,42.1996978018067
99.9471670407412,104.661337081495,6.6032264107562,-9.6349517064581,32.2247825188783,45.6676465526789
100.299056578019,102.980985559732,6.60080620569894,-9.69074733439139,31.7756649105164,49.215927101023
100.598277783991,101.362950609683,6.57763129466728,-9.67132060991685,31.2775466875433,52.7665735130992
100.850666316976,99.8920363363928,6.53344987769659,-9.5841408213888,30.7547025630991,56.2353126503182
101.064533257152,98.6434070843269,6.46830470103396,-9.44676670238463,30.2220957278806,59.5366046350229
101.248306764861,97.6725973550294,6.38366552419122,-9.2867203786762,29.6875850509524,62.5911465625862
101.410003903172,97.0068808563704,6.28183736437261,-9.13726606457817,29.1542947984287,65.3332461327402
101.557461330448,96.6409714071681,6.16541950761042,-9.02939949816372,28.622567970933,67.7147024159616
101.697787383015,96.5412222816646,6.03714612540338,-8.98283892682405,28.0919507239372,69.7056002959917
101.836886438164,96.6584724246588,5.89964865264228,-9.00115587176022,27.5632242940239,71.2935807872698
101.979492225517,96.9425744100234,5.75522063637416,-9.07296279075583,27.0401778009388,72.4805111618695
102.129180037192,97.3506195155227,5.60594961794681,-9.17678556710926,26.5304238662041,73.2762668345511
102.288414979247,97.847079105467,5.45435655908938,-9.28749688393713,26.0438899351182,73.692729452296
102.458431281194,98.4003617242607,5.30421203470162,-9.38237886497952,25.5893474782433,73.7410592772957
102.638847738726,98.9807119531339,5.16059050411475,-9.44495900375779,25.1715881525266,73.4319818966954
102.827834434641,99.5610590258444,5.02864747539574,-9.46588550025232,24.7908418752847,72.7769698341904
103.023259541512,100.119121768618,4.91206293359193,-9.44088440526958,24.4437899033494,71.7893748062359
103.223827710988,100.638493554917,4.81219191650016,-9.36752737740752,24.1250289589294,70.4855310346325
103.429194546847,101.109032908774,4.72810928539889,-9.24327535715445,23.8285266682489,68.8847274467635
103.639449841209,101.526855188722,4.65721860032912,-9.06567622866756,23.5487578027283,67.0074289353953
103.854834861476,101.892880234769,4.59592659335929,-8.83417378861554,23.281163229778,64.8751510900518
104.075978672835,102.210703092255,4.5405844903828,-8.55248123284166,23.0221082360179,62.5138466808532
104.304122173199,102.48470676208,4.48848438326483,-8.23055569522553,22.7685479729021,59.9552355825852
104.540710119398,102.717677124341,4.43765492380003,-7.88580877879432,22.5175740415655,57.2340434852463
104.786905800553,102.908091652327,4.38610893092708,-7.54298267726602,22.266411652969,54.3874942619367
105.043593501671,103.048664893745,4.33217811419178,-7.23134057128938,22.0129246558015,51.4589102197658
105.311242662032,103.127163821802,4.27500893154078,-6.97944128187503,21.7562463078082,48.5009608634977
105.589367479271,103.128736407501,4.21413927955363,-6.81031839767263,21.4977041629112,45.5758421729283
105.876276880967,103.03817688212,4.14881820929066,-6.73853903276514,21.2420536228755,42.7523654123815
106.169269633561,102.84255264802,4.07748689174456,-6.76797085565045,20.9980662348111,40.1014202439259
106.464689673093,102.535979191598,3.99794535519146,-6.88918294114647,20.777691924732,37.6919129718782
106.757559530824,102.126084052519,3.90865238090874,-7.076360747159,20.5943192290192,35.5877857195067
107.040878734034,101.640152020742,3.80989828971743,-7.28482440115148,20.4612757507352,33.8442592886026
107.304763439805,101.127049801553,3.70314215204397,-7.45194379920954,20.391444374608,32.5010108281395
107.535772763594,100.648512750915,3.58887955657873,-7.50592867894343,20.3979248949246,31.5735669388796
107.717123642468,100.261228862937,3.46544639432213,-7.38384845386309,20.4948724919154,31.0482476617158
107.830141342231,100.002786934385,3.33010768359008,-7.05029419219508,20.6982510100224,30.8831224207713
107.856056285162,99.8894574297017,3.18114200895517,-6.50809152510347,21.0263514390829,31.0112418429628
107.777228116255,99.9195464414449,3.0193379781282,-5.80066420965783,21.4993879359716,31.3453001905332
107.577705863719,100.07659226709,2.84907949384424,-5.0021520796999,22.1383109153176,31.788373311443
107.243660199178,100.335615546232,2.67943898106586,-4.19466804459501,22.9632199874965,32.2491351176685
106.764903448837,100.67133271844,2.52426099062386,-3.4477628916724,23.9908231645792,32.6527831192416
106.137881450812,101.06118778605,2.40018994155075,-2.81090603885518,25.2310329496354,32.9442696217498
105.368954788031,101.483707595056,2.32274019990289,-2.31352660977254,26.6840456818081,33.0882583087376
104.476446572336,101.918331729458,2.30205244407031,-1.96556493091707,28.3382602696436,33.0696800394864
103.490381096588,102.347410397464,2.34110883509317,-1.75848255404762,30.1679909570699,32.8935196463999
102.450104603349,102.757570996646,2.43700638879499,-1.66985168397239,32.1307224241602,32.5809221553779
101.400921781214,103.140065830792,2.58282089388826,-1.67117732532205,34.1662572771489,32.1624245565392
100.390317702284,103.490445428558,2.76844722418309,-1.73505305468357,36.2015451427244,31.6711919863755
99.463802697123,103.80795910661,2.98174346419253,-1.83969298550827,38.1596265379418,31.1376655492756
98.6607299139406,104.095077435361,3.21084457644,-1.97044878294087,39.9662138686211,30.586466299074
98.0109617224517,104.355952965738,3.44583426031994,-2.11840374106636,41.5533946099064,30.0362146213834
97.533096650894,104.593765200837,3.67863785246084,-2.277882342112,42.8643068620924,29.5009973159386
97.23406512288,104.809157283629,3.90224219612857,-2.44465744527745,43.8574949144341,28.9912691061222
97.1098437189512,105.000886775344,4.11059831141883,-2.61546508352794,44.5077135536586,28.5135398921207
97.147202899749,105.167764285547,4.29922401166797,-2.78826925434173,44.8048950772834,28.0698218105474
97.3255899887071,105.310631852334,4.46517463765695,-2.96225695429019,44.7541920709867,27.6580764920371
97.6183809638886,105.433085950711,4.60579990332945,-3.13764292624093,44.376618709019,27.2737650955517
97.9938903476725,105.540402469954,4.71726197769664,-3.31543939641359,43.7096719264328,26.9110936769772
98.4173444060419,105.638309905992,4.7939583132935,-3.49635676561899,42.806881560451,26.5632676104545
98.8544828502089,105.733016206009,4.82915828519418,-3.67898298085083,41.7328025178783,26.2232411486674
99.2752720783125,105.831623110129,4.8164385777018,-3.85938995707037,40.5528253342673,25.8856806001978
99.6561600965314,105.941756626885,4.7516560191953,-4.03248848035898,39.3228764282434,25.5483872605482
99.9813210739309,106.070213246844,4.63522896247387,-4.19277061060243,38.0841954123102,25.2118412733258
100.243467403577,106.221352130202,4.47380976755098,-4.33455962885571,36.863572105436,24.8775235532433
100.443783933401,106.396238926461,4.28018015826185,-4.4534426005768,35.6767493987864,24.5464336569625
100.590297914833,106.592522452154,4.07083315158607,-4.54814469645364,34.5329975070591,24.2185073098377
100.695067302309,106.804855014086,3.86204373893484,-4.62152962932681,33.4390789679862,23.8926401681167
100.771510412327,107.02612067046,3.66637096510127,-4.68027553008481,32.4014149005555,23.5667723954814
100.832628044212,107.249004581665,3.49138806942706,-4.73338714189151,31.426555044352,23.2377776767478
100.89002307126,107.46741295281,3.34094383289545,-4.79022793992763,30.5210270810518,22.9014667965565
100.95330481806,107.677565659542,3.21687760779224,-4.85869800064363,29.6908401125874,22.553074444315
101.029543725786,107.878329697734,3.11930770386153,-4.94412430183209,28.9402521338774,22.1883400577362
101.12267396765,108.071122650742,3.04643069481723,-5.04907147641703,28.2711078759501,21.8052390955847
101.233006414234,108.259666530227,2.99481907469837,-5.17396427508913,27.6837104179629,21.4058412553207
101.356912823457,108.448915913832,2.95999658000704,-5.31788408863129,27.1775375683085,20.997298983398
101.486632570046,108.64358239922,2.93718959778859,-5.47831370600753,26.750696072334,20.591444594011
101.610589838758,108.847683921682,2.9217026552229,-5.65021546590661,26.3990777500082,20.2029187970954
101.713882463144,109.065028609735,2.90885920707647,-5.8264207679084,26.1157463197576,19.8465973026914
101.778133140343,109.299354297813,2.89439303113761,-5.99947736852311,25.890490966061,19.5360772316331
101.781321115252,109.553837700147,2.87474265197746,-6.16326513109328,25.7101359802587,19.2834961586553
101.698189259622,109.830608337504,2.84628069395339,-6.31367473590727,25.5601937832642,19.0992261091726
101.501421546629,110.130382721644,2.80461705296932,-6.44859085475576,25.4272523330863,18.9907976161392
101.164628969874,110.451739633698,2.745293209796,-6.56737569618548,25.3006312515274,18.9613556129036
100.667617379989,110.790046118555,2.66512941714419,-6.67027906001465,25.1730471782369,19.0083443848274
100.003712848201,111.13705558557,2.56294389092089,-6.75834028749065,25.0411574281854,19.1231595736364
99.1885222895352,111.481830355756,2.44012216721478,-6.83344357426501,24.9057937839216,19.291570392314
98.2670237153093,111.812268325994,2.302041053831,-6.89758349971085,24.7710519334172,19.4945935636483
97.3129276396963,112.116459262046,2.15910448085404,-6.95187611388876,24.6425404404645,19.7101612113744
