P_Ankle_Flex_Ext,NP_Ankle_Flex_Ext,P_Ankle_Abd_Add,NP_Ankle_Abd_Add,P_Knee_Flex_Ext,NP_Knee_Flex_Ext
84.3213658943396,103.704874336354,4.07377478866666,11.9097815025258,22.9304189617973,1.91867584245131
86.498861237144,104.140611537362,5.54790601790289,11.7674438037565,23.8002096938763,2.59513956909843
88.5787834435864,104.575879108158,6.96643096564801,11.6118486958904,24.7354053259035,3.342417894511
90.4662233684346,104.993594253005,8.28012818847853,11.4420480047421,25.7439347692986,4.1974281758733
92.1124702093028,105.37108568557,9.44942584640618,11.2520693583831,26.8155528553865,5.19780651606934
93.5117790291764,105.682012909701,10.4424442695195,11.0322945554331,27.9130398332054,6.37984302769937
94.6820579288762,105.898518558005,11.2306429512389,10.7735521241826,28.9686341549862,7.77704480238948
95.6488181833412,105.992735851731,11.7932585416796,10.4723357307192,29.8932018872587,9.41850584924104
96.4381617222726,105.937379842232,12.1300090941671,10.1342726771771,30.5931179288877,11.3264868203048
97.0733657356544,105.706324394763,12.2681963834549,9.77407955472137,30.9872722381739,13.5140826113048
97.5731294787918,105.276114204067,12.2576502638231,9.41284289254769,31.0213729939295,15.9848555264139
97.9524789758171,104.62814158273,12.1583547438046,9.0740950497334,30.6770199616694,18.7334551596856
98.2248283332611,103.750490757581,12.0268084294325,8.77858343855177,29.9733469247768,21.7452993465512
98.4028741141648,102.639813309367,11.9049662364162,8.53781671905235,28.96094978222,24.9958797489023
98.4987936484492,101.306464532514,11.8139271292619,8.34906377959911,27.7102802648251,28.4498043652509
98.5249164143731,99.7828566609907,11.7545836635308,8.19512175429325,26.2987984979327,32.0593705937861
98.4944541979691,98.1292245486298,11.715742077615,8.04935263440279,24.8007307719829,35.7639886577817
98.4213711027236,96.4323542090369,11.684693759992,7.88276918950735,23.2808453619569,39.4916186796712
98.3192014428929,94.7960205027114,11.6537984216948,7.67010173856885,21.7913411327931,43.1628611982968
98.1996986764535,93.3251315229266,11.6215367155482,7.39517204819766,20.3698797692341,46.6968165593762
98.072105397503,92.1093270308128,11.5902417919106,7.05549358971822,19.0378786129594,50.0170612188557
97.9428709479945,91.2102697435667,11.5628328029361,6.66497516562224,17.800465010704,53.056834636026
97.8155404706874,90.6558190048416,11.5402855279314,6.25426658712055,16.6490178605392,55.7626834444039
97.6907798332873,90.4440163117068,11.5205857271807,5.86571411767689,15.5648706656983,58.0964554594307
97.5666868556119,90.5527342421518,11.4989927196429,5.54194194917302,14.5222901700455,60.0350321968544
97.4400295534829,90.9471552267132,11.4694561032227,5.31423467235754,13.4904154265337,61.567414356101
97.3080352487645,91.58341803524,11.4263797395734,5.19606053988863,12.4356807070372,62.6909467898108
97.1689523311388,92.4119744292522,11.3653122219285,5.18174064336032,11.325899721024,63.4084345254062
97.0218479228191,93.3812667095658,11.2829799594981,5.2493966944217,10.1361817666856,63.7265301797552
96.868331478863,94.4391134055498,11.1783215803001,5.36861782525951,8.85618800890568,63.6548037634874
96.7155574318488,95.5340803226543,11.0537387485797,5.51102367042982,7.49643887738626,63.2035498047943
96.5768827041116,96.6203310768402,10.9148525918296,5.65737209074576,6.0908030263688,62.38091911041
96.4696402704626,97.6621699635445,10.7695327862452,5.79751039912528,4.69304718480364,61.1945289807856
96.4121879102096,98.6344251457643,10.6272440709513,5.9264956126903,3.36693488373082,59.6576527176883
96.4212016940507,99.5207474530363,10.4980195204491,6.04111563355878,2.17334222924955,57.7934558348771
96.5091463861052,100.311510203269,10.3907279301096,6.13812748569992,1.16024763022632,55.6357877358124
96.6821666541939,101.000671349803,10.3116041935367,6.21415534803638,0.357770401463931,53.2303717833244
96.9394623077253,101.581981405045,10.2636701875643,6.26675905430042,-0.223862417334116,50.6373283903334
97.2747651304364,102.045947405029,10.2467410502898,6.29531698479178,-0.593690889874194,47.930866085665
97.6785569311706,102.379980264532,10.2573780776574,6.30085815252442,-0.775382304461822,45.1922030074571
98.139672756861,102.573101323505,10.2886510415622,6.28528668359921,-0.800857449498803,42.5004982986143
98.6463593826469,102.620800243014,10.3306825287733,6.25056845233669,-0.705378814684217,39.9280956261444
99.1870543368013,102.524708098315,10.3722944513995,6.19878182140146,-0.523608705382296,37.5364672315358
99.751037299549,102.289831335424,10.4024161550423,6.13314843667944,-0.28575890054036,35.3711970060529
100.328935511246,101.924172999481,10.4106293884734,6.05946822501221,-0.0152375769515116,33.4612299047752
100.913119188773,101.437848805264,10.387720912924,5.98848638259968,0.272162399324407,31.8216820671703
101.497897717616,100.83936767647,10.3263594625938,5.93825507781593,0.56991568123941,30.4560574491897
102.079002092629,100.13587684275,10.2210095910835,5.93436661393821,0.883486389577186,29.357873423529
102.652760142009,99.3416934077832,10.0676385726002,6.00855292219356,1.23111936726957,28.5130747832432
103.215031778058,98.4877202403633,9.86424289883242,6.19519144825371,1.64118932030409,27.903143695839
103.758452268314,97.6225900094789,9.61090776757806,6.52243417124313,2.14759023081013,27.5070921343756
104.268995136777,96.80557691928,9.30825213787735,6.99923962084712,2.78554037304419,27.3009385076129
104.725061168665,96.096546158235,8.95584932963292,7.60504826621454,3.5893176399965,27.2547634719951
105.098646140491,95.5445887796161,8.5529089028028,8.28824733191409,4.59098317599302,27.3281263317049
105.356486554185,95.1768192968176,8.10161608267803,8.97718366021873,5.81930060478978,27.4673686538948
105.462315450213,94.993702811837,7.61086896632345,9.60191985556356,7.29999842001081,27.609302071074
105.380633065745,94.9737100306854,7.09762556743276,10.1154351492921,9.05657992394359,27.689780237007
105.079635269225,95.0820931168934,6.58548399107885,10.5018989128696,11.1093149842813,27.6521234631273
104.532179266967,95.2796794703736,6.10150159137562,10.771318378484,13.4719437658085,27.4541638156401
103.71501075456,95.5311170639408,5.67146260046077,10.9485066485301,16.1468464478833,27.0732336823839
102.607382488203,95.8095767204996,5.31459832341215,11.0622590915935,19.1199127819531,26.5072530399459
101.192249382848,96.0958474058717,5.03996544537716,11.13709790863,22.3581240286735,25.7726139239873
99.4615254530026,96.375597378813,4.84557743646306,11.1897119025209,25.8123917930953,24.8996724846592
97.4214469826396,96.6384312412918,4.72013930322887,11.2312139567647,29.421478058138,23.9264234722556
95.0929599679937,96.8782515867493,4.6464487763967,11.2718308607669,33.1125984983664,22.8928550698165
92.5068349763507,97.0936110667412,4.60490425761115,11.3225859325153,36.8052443830936,21.8367863581332
89.6989592657932,97.2869397217949,4.57606940420207,11.3932829477211,40.4209786918468,20.7896315819604
86.7126633704576,97.4617449707531,4.54220703520537,11.4898186495544,43.8891045353143,19.7730362659254
83.6083081344357,97.6184264799045,4.4878060512194,11.6129435339209,47.1459758523817,18.7984018199542
80.4743331606329,97.751388081389,4.39926010730905,11.7587221481023,50.1366976353022,17.8680821608405
77.4351764152762,97.8505504946124,4.26437597664136,11.9194738989444,52.8211664271831,16.9771962431572
74.6513454008303,97.9062849935788,4.07215609200429,12.0847870818536,55.1776981709686,16.1171598032309
72.3043362169308,97.9132747520938,3.81441394084542,12.2433598799361,57.1991995540127,15.2798804901135
70.5620278685907,97.8714673949066,3.49115186631097,12.385904112552,58.8848542786314,14.45959370009
69.5335339715292,97.7857260926049,3.11621186022248,12.5081850776469,60.2348411837581,13.6521715698756
69.2365520793982,97.665493691851,2.71678061677042,12.6121460043188,61.2505334814715,12.8545888792664
69.5970330627018,97.5245795226955,2.32710815833693,12.7043819031902,61.9357027401383,12.0653627306481
70.48099427106,97.3807727929502,1.98231013254203,12.7930271171067,62.2957338270064,11.2839233681677
71.7361362346925,97.2542990635117,1.71493427853369,12.8847811635863,62.3366423161188,10.5084299358424
73.2193904396758,97.1644942033164,1.55264754700885,12.983600526512,62.0649035776664,9.73454272232652
74.8072558873014,97.1256938476035,1.51561037357717,13.0902644801048,61.4865424492585,8.95663512764103
76.3977772551551,97.1445187407247,1.61408319811586,13.2016952540647,60.6060012642455,8.17008937437664
77.9099745592306,97.2203094900909,1.84762283274168,13.3105562012489,59.4281876182809,7.37336248396204
79.283313200357,97.3476013544533,2.20650509933386,13.4061447177875,57.9634093009783,6.57008114574726
80.477631355144,97.5184968406746,2.67423094729226,13.4775356418484,56.2306121333077,5.77065371767756
81.4727380682829,97.7241731327839,3.22952207300804,13.5176503792959,54.2581811320053,4.99176338431974
82.267289535262,97.9559174500183,3.84691742055709,13.5253150463157,52.0843452560136,4.25356493084496
82.8760296968775,98.2071641333335,4.49553799312268,13.5044366297798,49.7559855950751,3.57615179097892
83.3247233929445,98.4753862126759,5.13776285188254,13.4612675338046,47.324201850579,2.97675598898379
83.6445008850428,98.7618372880081,5.7306873896064,13.4012158611961,44.838515129329,2.46796019801233
83.8674715162582,99.0704009981696,6.23019168049604,13.3268570519969,42.3440354584461,2.05699044190445
84.0229177052555,99.40589559513,6.5958623675689,13.238038356585,39.8823175648368,1.74630649798348
84.1337364828327,99.7720066267021,6.79650475286512,13.1334077412798,37.4899055961563,1.53463191386868
84.2147217004414,100.170622271474,6.81614225374159,13.0117919361845,35.1928147040247,1.41731014649146
84.27339238671,100.602081333404,6.65925787518583,12.8727360350488,33.005392618278,1.3864313618673
84.3133095311722,101.06500309977,6.35269240843627,12.7169492180385,30.9373451792136,1.43163439941257
84.3390769456752,101.555863024412,5.94156589670017,12.5469494347332,29.000596601102,1.54100539051355
84.3589421536337,102.068445558782,5.47952378306381,12.3672763921703,27.2092350806143,1.70124331924925
84.382222197272,102.592877815951,5.01701978485429,12.1841427001062,25.5764005772923,1.89738935339083
84.4145054264675,103.113839548076,4.5914887144043,12.0047429857953,24.1138423151814,2.1126431428062
84.4541364870435,103.608935423706,4.22172726266386,11.8366982743246,22.8337113838184,2.32874372918391
