P_Ankle_Flex_Ext,NP_Ankle_Flex_Ext,P_Ankle_Abd_Add,NP_Ankle_Abd_Add,P_Knee_Flex_Ext,NP_Knee_Flex_Ext
97.4037854289848,112.041972776937,-10.812713889981,-11.7259093792701,31.5433257432498,12.1181117919183
97.5889899578161,111.752210190032,-11.7837077363732,-11.5382060833129,32.1186602265819,13.1865368661869
97.8118787918535,111.37237436024,-12.7162572797971,-11.3283742176072,32.6657863427203,14.3473174206886
98.0875828557492,110.856886099491,-13.5666465484898,-11.0894382753529,33.1626462441232,15.6367619515673
98.4191642632508,110.160282926919,-14.2991078949743,-10.812596382149,33.5792734704778,17.0925774870945
98.8005093590919,109.242527677517,-14.8964116345422,-10.4904216076815,33.8815527573679,18.7497592936242
99.2199672156591,108.075495203339,-15.3616547058262,-10.1206996490428,34.0392581466837,20.6349440017187
99.6630286630529,106.648014631831,-15.7114895784016,-9.7083603321931,34.0353741525199,22.7622874993728
100.115980658616,104.967672267117,-15.9676342032239,-9.26465233942415,33.8728000032094,25.1329271028126
100.569275424843,103.061997100659,-16.1511240484896,-8.80470050228437,33.5754580899606,27.73496107217
101.017969731994,100.982025183452,-16.2797432798337,-8.3465009089754,33.1834583829906,30.5408331858551
101.460003613364,98.8050290632228,-16.3675831642444,-7.91228172052687,32.7442050586898,33.5053197517096
101.894970713503,96.6306060561214,-16.4257953181876,-7.52920051609076,32.3019585864869,36.5693174915506
102.323872749052,94.571001188274,-16.4634562339407,-7.22719716222112,31.8894932727176,39.6664231010368
102.748505199328,92.7402866503325,-16.4873656338432,-7.03421431463442,31.5251263036677,42.7258380309236
103.170073859708,91.2419921804773,-16.50112380677,-6.96930994871607,31.2142254241857,45.6734079086214
103.587624893034,90.1536541672806,-16.5053165781057,-7.03548713158401,30.9520318367479,48.4353418717459
103.996735475108,89.5124544744534,-16.4989324131078,-7.21580342094543,30.7265598237663,50.9442555636227
104.388430880627,89.3098394440688,-16.4800397737133,-7.47536884265754,30.5216601283923,53.1446312855614
104.748230890548,89.5005217991817,-16.4450693155774,-7.76902081543957,30.3199420102894,54.9946348829966
105.05634901903,90.0213167599369,-16.3887092978187,-8.05223038889897,30.1052392337867,56.4649510049826
105.291204403241,90.8073298012156,-16.3054071098387,-8.2911321633972,29.8644621233259,57.5382203432696
105.435865497693,91.798227423584,-16.1901508414956,-8.46730287611213,29.5887668890545,58.208368030338
105.482828224349,92.9367297210591,-16.0383877662374,-8.57684422417368,29.2742682642963,58.4771209109687
105.435969021287,94.1647323228476,-15.8482300850754,-8.62728579067511,28.922422488674,58.3500379830254
105.313203200892,95.4228714492293,-15.6249387147161,-8.63449449574765,28.5398833724466,57.8360383770903
105.149798405003,96.6555188361319,-15.385313698327,-8.61951747534835,28.1371149799578,56.9497753152868
105.000407324671,97.816471009912,-15.1607321973425,-8.60511241238181,27.7257004622633,55.7131941363116
104.936978136544,98.8718666448073,-14.9956822194618,-8.61143158384355,27.3157892721888,54.1548228227913
105.031962876835,99.8014822161848,-14.9345782374629,-8.65085519370148,26.914794935327,52.3076919236243
105.322271433268,100.598182563745,-14.997115231647,-8.72398143384342,26.5278359071887,50.2057585823727
105.782187186814,101.263663974479,-15.162926912392,-8.81896156656551,26.1593273305102,47.8795120714136
106.340143921453,101.80107952569,-15.3836993228404,-8.91435522714332,25.8135854073188,45.3545967348987
106.923146703218,102.208946814827,-15.6095549162014,-8.98463454242121,25.4940143463489,42.654688147727
107.483598503643,102.480922234785,-15.8058552530508,-9.0062862896006,25.2024255475821,39.8051971677843
107.998753599496,102.610472813223,-15.9550412882939,-8.96128225142295,24.9393288260998,36.836297886205
108.46190984604,102.595390530384,-16.0519029889997,-8.83693102494997,24.7050759345196,33.7860506599705
108.875711276738,102.439198700438,-16.0991881823451,-8.6238507313258,24.5007771010194,30.7028105850684
109.247197524106,102.150161686907,-16.1045099039427,-8.31452307731246,24.3279111267092,27.6452684335284
109.584374843703,101.740435601728,-16.0775874160955,-7.90493742116577,24.1872709455875,24.6794988744795
109.894491859145,101.227477945527,-16.0279181945383,-7.39962765425286,24.0786015856194,21.8753706800817
110.182814122345,100.637156075569,-15.963281342422,-6.81757071944216,24.0013783850002,19.3050874939605
110.451751258066,100.004633147776,-15.8892183913226,-6.19530366913,23.9565312679108,17.0407122188413
110.701059047638,99.3692224060939,-15.8097183257828,-5.58334485544756,23.9483632421336,15.1460338656768
110.928404489678,98.7659736393847,-15.7285608231232,-5.03578163376342,23.985021448462,13.6659632512854
111.129689870812,98.2204171748659,-15.6497658175887,-4.59936900344891,24.0770385646118,12.6204140071146
111.299202753398,97.7478575258821,-15.5765357203575,-4.30810625352612,24.2360289408042,12.0038208047728
111.429219396084,97.355229391714,-15.5100184184522,-4.18259172673437,24.4748257935679,11.7863689670124
111.509386663049,97.0444314753902,-15.4489522453795,-4.23114232778802,24.8078655738923,11.9153207447575
111.526669838745,96.8163070004378,-15.3893661834599,-4.45176925395996,25.2511813907988,12.3191371307061
111.465521748813,96.6729730337687,-15.3239403101761,-4.83348884836364,25.8221217963891,12.9162705728282
111.307703287518,96.6167191672788,-15.2422204211547,-5.35568516481114,26.5385323442546,13.6254209076041
111.032208812191,96.6478990364785,-15.1320248650443,-5.98760124064062,27.4182512573616,14.3721965856064
110.615799496135,96.763947773146,-14.9811567235545,-6.68981397616242,28.4795012713905,15.0916160369611
110.034051496662,96.9582395095919,-14.7790641300137,-7.41777670317184,29.740850989913,15.7291285798205
109.263253681894,97.2189942418702,-14.5180167801619,-8.12778899105122,31.2200193438881,16.2414954782727
108.283483201876,97.5295353255016,-14.1936705585815,-8.78434743493202,32.9319238658767,16.5977440738395
107.082267110959,97.8696596988992,-13.8062649129655,-9.36576657112269,34.886278822008,16.7800153172258
105.658037468504,98.2190792152526,-13.3627574450257,-9.86535530574766,37.085429116201,16.7841628719951
104.023320557818,98.5626247622605,-12.8789365791314,-10.2881288042245,39.5215366213079,16.6204536193589
102.208706270941,98.8929247630546,-12.3805493488081,-10.6456847515172,42.1721405674303,16.3135617681281
100.267377760974,99.2093398610384,-11.901920626856,-10.9517194540125,44.9987135759716,15.8999924453712
98.2761602876155,99.5157546357274,-11.4815365837972,-11.2186758615381,47.9509611161254,15.4222548333641
96.3290252317918,99.8178907835241,-11.1562286802337,-11.4554491789835,50.9704665197653,14.9212570827585
94.5250458858711,100.120477412899,-10.9554840597131,-11.667148064421,53.9908799757146,14.4296904764589
92.9557657262155,100.425782673322,-10.8964358967484,-11.8568579901561,56.9414681622475,13.9685551894179
91.6944189552112,100.73390562155,-10.9800924575736,-12.026978136494,59.7559022088306,13.5473635774066
90.7888307465388,101.043889734937,-11.1888110726973,-12.1784282366728,62.3787283332613,13.1668343611056
90.2585356764957,101.354715396965,-11.4855009180348,-12.3091008116974,64.7666878289442,12.8220030740663
90.0953503222617,101.665940166435,-11.8178140665383,-12.4143313179396,66.8896703387703,12.5045599889321
90.2678365123368,101.977830601564,-12.1295047181151,-12.4894844575438,68.7316577710749,12.2049146334589
90.728579717365,102.291017980572,-12.3745102120366,-12.531998418513,70.2866891998441,11.9147780455663
91.4215449729935,102.606503720683,-12.5265380242533,-12.5416525366015,71.550444968211,11.6293545163175
92.2871488413566,102.926134275322,-12.58154753338,-12.5202294116484,72.5151267722015,11.3478359124793
93.2646633243141,103.25241622086,-12.5547660915176,-12.4716989177138,73.1709032761453,11.0728069892248
94.2947968681239,103.587398363797,-12.4740555239413,-12.4025331954335,73.5088340728941,10.8097749703238
95.3238499863454,103.931948237278,-12.371227647205,-12.3210933958649,73.5215787102482,10.5664839265206
96.3072109049103,104.286401403585,-12.2738844280299,-12.2364347463872,73.2032926691912,10.3511309377485
97.2115817299151,104.651724164,-12.2001049515945,-12.1577488661855,72.5508699948541,10.1701843157166
98.0169794642853,105.02982780291,-12.1564688087379,-12.0936810917306,71.5673566226062,10.027114988418
98.7168694431441,105.422804671677,-12.1387266206885,-12.0504637270657,70.2649714809632,9.92210615223056
99.3146717423424,105.831464529974,-12.1346256086464,-12.0300794600238,68.6635824714584,9.85232103330071
99.8187945879755,106.254122885881,-12.1291337427701,-12.0297924755701,66.7859978878045,9.81259957386623
100.239321703839,106.686916381961,-12.110952066719,-12.0434035970948,64.6561147880456,9.79655298008628
100.585815982147,107.124881964218,-12.0761887144168,-12.0637506584188,62.3016640552691,9.79800343158736
100.865252501454,107.562354956043,-12.0266967861393,-12.0848443193779,59.7572441667485,9.8123254200487
101.082233142683,107.993440090738,-11.9658058245833,-12.1023557111657,57.0643388140199,9.83711485106457
101.240519950324,108.412733524264,-11.8954998881126,-12.1130685429134,54.2699121003101,9.87216937144557
101.342473204065,108.815391606446,-11.8162888761905,-12.1148455297499,51.4262813365748,9.91924182862006
101.387698191238,109.197238333391,-11.7282736555901,-12.1069726075795,48.5918252005008,9.98185310074266
101.37303410949,109.555236275461,-11.6320463263636,-12.0896295944089,45.8305779987084,10.0650135096585
101.293689459029,109.887582681082,-11.5297124325071,-12.06287962687,43.2092675884152,10.1746451134658
101.14494370029,110.19336631982,-11.4257572747785,-12.0264767115607,40.7899289654549,10.3166701153608
100.923473335545,110.471842460257,-11.3264854230574,-11.9805535077721,38.6198486919137,10.4959490902338
100.627982428679,110.721825555962,-11.2381263820182,-11.926402798226,36.726884276276,10.7154081119151
100.259347246544,110.942156547466,-11.1647143418001,-11.866867323231,35.1233177052756,10.9754268433997
99.8206199159504,111.132784027773,-11.1067796827274,-11.8061752115693,33.809874014509,11.2733780436291
99.3180342220527,111.295069678339,-11.061862405556,-11.7491557533751,32.7741678126483,11.603265206833
98.7639767181098,111.431154695706,-11.0264047092091,-11.6999217889329,31.988998151185,11.9551144681999
98.181174369949,111.543497347173,-10.9974660061351,-11.6605450054839,31.4150851981996,12.3141739829177
97.6049541278326,111.634907886361,-10.9736036752081,-11.6305944160143,31.00653821153,12.661104996528
