P_Ankle_Flex_Ext,NP_Ankle_Flex_Ext,P_Ankle_Abd_Add,NP_Ankle_Abd_Add,P_Knee_Flex_Ext,NP_Knee_Flex_Ext
96.1216207378453,109.323442637753,7.2294279275344,17.5911465043579,27.2301982936175,22.2797974375747
95.0923796703179,108.994087618678,7.39810315800181,17.4282684604814,27.504285245604,23.8966291033208
94.150688524979,108.630057085932,7.59824004622299,17.2499020626099,27.8027637741265,25.6146993243758
93.3623902697288,108.211372372061,7.83766710394978,17.0531173702489,28.1363655307798,27.4648292322893
92.7731603949184,107.711073626233,8.11042992382884,16.8366237710147,28.4918462465147,29.475865179524
92.4025980235191,107.095759183992,8.40356599540103,16.6000136090272,28.8345413028892,31.6731747735637
92.2448173972579,106.327667583627,8.70267144845316,16.3434546106839,29.1211607960228,34.0774843536047
92.274316602204,105.369851462502,8.9926823708628,16.0689787615739,29.315248263173,36.7017276296496
92.4540545249864,104.193667291799,9.25963183471557,15.783301249308,29.3971931846661,39.5477079582113
92.7431515294699,102.786454686506,9.4958048953622,15.4999025161359,29.3659169317254,42.6046135155068
93.103382008103,101.157402094875,9.70391389581663,15.2380993481243,29.2343842800521,45.8486372845326
93.5039329353006,99.3405274077106,9.89615321215687,15.0193402848994,29.0231422061727,49.2415611986782
93.9229522581757,97.3955234886467,10.0883228633872,14.8627048516915,28.7548738933433,52.7298120497331
94.3462018666457,95.4067409402128,10.2922200950541,14.7812141106494,28.45083010365,56.2476899570825
94.765213289916,93.4780369528733,10.5103131657128,14.7797216169912,28.128825298287,59.7235231620529
95.1755733016246,91.7218424771597,10.7354061177416,14.8543077512822,27.802220318579,63.0850419272551
95.5750271553973,90.2433606374482,10.9549779142741,14.992217885196,27.4794231252508,66.263105347556
95.962316622195,89.1230374571971,11.157323037698,15.1726536866054,27.1637591120197,69.1938557335186
96.3365903286464,88.4028495655242,11.3357784535549,15.3705149702052,26.8541195495407,71.8200278249016
96.6965022056348,88.0815258086677,11.4891282554521,15.563012436041,26.5465966718707,74.0932895869528
97.0397565852177,88.1204318438934,11.6195744035458,15.7349960127361,26.2365388039255,75.9782168719705
97.363855840429,88.457342959392,11.7306382667774,15.8794249290184,25.9202392447516,77.4561198248753
97.6671753126197,89.0212597314329,11.825776874843,15.9945642227789,25.5958639191123,78.5257338483002
97.9493783986189,89.741894726226,11.9074846417457,16.0818464706305,25.2635509778017,79.1995469775897
98.2114948891329,90.552942685177,11.9768185510118,16.1461075900401,24.9246261910339,79.4972796130299
98.4560660267704,91.3935443500719,12.0336420648593,16.1971999467497,24.5805450320226,79.4393026855428
98.6868596358393,92.2114018945209,12.0778096764802,16.2495467165822,24.232564784665,79.043006434601
98.908246501731,92.9662498855588,12.1105513097037,16.3165991036862,23.8818401596924,78.3234428725008
99.1250145211009,93.6318723926991,12.1350571726078,16.4033142112963,23.5291880050231,77.2964947666962
99.3428946422677,94.1967418242091,12.1561064292754,16.5037379441126,23.1751795465901,75.981319246553
99.5690598955749,94.6629162446805,12.1790860976981,16.605120568577,22.8211898881767,74.4002066781504
99.8112777063697,95.0426532447848,12.208917441372,16.6934390294994,22.4704470978403,72.5763584619825
100.075899892686,95.3538557795113,12.2490150221255,16.7564876414376,22.1282617341513,70.5310986816381
100.365891040317,95.6165675291789,12.300276642052,16.7843424023222,21.8016891316863,68.2823776186538
100.680029572272,95.8516109253189,12.3609429180484,16.7682520332235,21.4988714760417,65.847024350214
101.014632547273,96.080269111369,12.4277162304757,16.6995141803678,21.2282453742943,63.2464295464958
101.366436130576,96.3231855492408,12.4970480040309,16.570141747949,20.9975861590428,60.5107216421118
101.733461041049,96.5982347832928,12.5657805451315,16.3758069325827,20.8128038557459,57.6796316226329
102.114350700979,96.9188444050203,12.6315552090061,16.1193669230944,20.677161590698,54.8030383243466
102.508626315103,97.2935349334451,12.6933987414404,15.8131203368364,20.591463344951,51.9415763802048
102.917238287223,97.7254688873605,12.7519825933652,15.4789252136443,20.5549821052842,49.1649977404338
103.341710790665,98.2105080161797,12.8088649271874,15.1460779542147,20.5667946006082,46.5461952821301
103.782665726329,98.734143134387,12.8652304420777,14.8475274910972,20.6271546013087,44.1518470661882
104.239081532523,99.2698768891222,12.9213009437254,14.6145182175358,20.7385014874659,42.0338417008954
104.708170383718,99.78127368676,12.976610356115,14.4707935907668,20.9061131554016,40.2239908593242
105.185172005723,100.22742108357,13.0305528420944,14.4296272409181,21.1388090968839,38.7325278728616
105.662585583179,100.57019409336,13.0827027627596,14.4951080766603,21.4498696771018,37.5504527650312
106.128668704617,100.781950472668,13.1327537934439,14.6662127968297,21.85758263851,36.6549517129037
106.565685395391,100.85338674664,13.1803114974246,14.9418836579309,22.3849398690817,36.0159620846663
106.949371410348,100.799852207866,13.2244823118505,15.3248269415948,23.0590040271307,35.601606376229
107.250169686658,100.660843657771,13.2629468639657,15.8216540979706,23.9101606726024,35.3813456828032
107.434979524938,100.490190896175,13.2909227418606,16.4384289947359,24.9706709417635,35.3259394009029
107.469386020238,100.342121127165,13.3009203488236,17.171458286613,26.2722720287532,35.4038296892124
107.321320594831,100.260369396465,13.2839263937463,17.9966230819038,27.8425204874551,35.5762685574266
106.965190949876,100.272831819614,13.2316494647624,18.8667188338923,29.6996477023126,35.7956242512554
106.38507487932,100.390518954894,13.1386063031523,19.7224996080626,31.8470785053891,36.0102169453097
105.577026972088,100.609640927271,13.0028887047405,20.509646965395,34.2699593723159,36.1737627422021
104.551212177539,100.915321049545,12.8250956582193,21.1901988659109,36.9352948220336,36.2529056354167
103.333848796751,101.285162438489,12.606675135458,21.746064540689,39.7943612873306,36.2289131523048
101.967799103857,101.69288891521,12.3499528546394,22.1778021976375,42.78496390839,36.0948241654721
100.511343596489,102.112603758515,12.0608657887784,22.5004938606206,45.8336582099146,35.8509053484045
99.0360257454162,102.522291606978,11.7523750303689,22.737467329674,48.858804527257,35.5011284476256
97.6226588435088,102.904888049814,11.444141424746,22.912603824716,51.7736938692008,35.0518872168783
96.352620960792,103.248006748759,11.1581816670954,23.0434093351325,54.4898870584576,34.5116148219643
95.2952993265779,103.544371205801,10.9151255391938,23.1383248835014,56.9219673187148,33.8898612246419
94.4972801790465,103.791467340799,10.7323999862179,23.1987873269135,58.9933662727469,33.1962001823011
93.9777761021998,103.988941426458,10.6222475562729,23.2230245828592,60.6418362325325,32.4402167757631
93.7307578666013,104.136134013716,10.5893954409234,23.2091020914644,61.8239032871484,31.6320886139753
93.7314075540039,104.231847876498,10.6295950222068,23.1567184849341,62.5182591196191,30.7816703249249
93.9431814398441,104.275512668413,10.7291206251035,23.0679804341067,62.7264601686525,29.8965112308219
94.3226859468081,104.268154602083,10.865564792331,22.9472617466673,62.4694393612694,28.9811118921092
94.8224845748459,104.213376568211,11.0121577393895,22.8003582700601,61.7826017506709,28.038013335481
95.393724435989,104.119334087214,11.1453453635996,22.6340196972512,60.7133035989021,27.0697314990643
95.9896510691566,104.000745093887,11.2506420209606,22.4565482337638,59.3197610839292,26.0797960285369
96.5693862198925,103.878420250909,11.3229231343509,22.2779041057085,57.6676906878582,25.072236537146
97.1008977966363,103.774307289825,11.3626452803529,22.1075390955958,55.8242905378263,24.05094331625
97.5634601244566,103.704010981555,11.3718456961546,21.9509786925408,53.8530649846121,23.0197289814222
97.9495689244338,103.672038995557,11.3516655241671,21.8074316618796,51.8121150474425,21.9825355846196
98.263876312051,103.671848275729,11.3013689015254,21.6692533630364,49.7551542738787,20.9437562502003
98.5190037815359,103.68985372288,11.2187525214572,21.523699386651,47.7324263606539,19.9091648929636
98.7314723258351,103.712394242693,11.1015732611178,21.357212196159,45.7891317586764,18.8874682939817
98.9185079162679,103.732424364831,10.9499068268627,21.1604170498704,43.9624601361657,17.8922695901674
99.0952042361702,103.752114779397,10.7687451450437,20.9311101746931,42.2800317457772,16.9436200618945
99.2720755958876,103.781052188242,10.5690429819241,20.6740783220555,40.7594834978466,16.0675844061821
99.4526374301312,103.83260602324,10.366371070043,20.3986686876598,39.4079826016905,15.2935617654095
99.6330862345314,103.920450677339,10.1773823839671,20.1156029820353,38.2227705972364,14.6505163279062
99.8055824857063,104.055936361705,10.0153584517346,19.8341152118794,37.1931829147153,14.1630810060553
99.9622454786047,104.246851026022,9.88722325181858,19.5605735343051,36.3030036095949,13.8487773549692
100.096520137561,104.497082112403,9.7927947016398,19.2987770138839,35.532650079341,13.7173497954199
100.201399915333,104.806007216895,9.7250717144757,19.0509647048995,34.8603290478097,13.7713524109486
100.267294440151,105.168120745698,9.67111695841481,18.8188423655861,34.2613297527251,14.0068249630299
100.282444483938,105.573646806706,9.61409743428311,18.604053604617,33.7069829336966,14.4142743790197
100.234652294129,106.009572456475,9.53644332248202,18.407941561442,33.165550512804,14.9801345983088
100.111486158367,106.461242816846,9.4230690754171,18.2312992725438,32.6056361481532,15.6881248529853
99.8990793509741,106.914380883045,9.26343816542779,18.074430184817,32.0009108095351,16.5199228737601
99.5820776913489,107.356106283368,9.05210846358068,17.9370590374979,31.3341345954639,17.4549090293112
99.1463899204744,107.775011822865,8.78843234982209,17.8181267213728,30.5994951753343,18.4692458447234
98.5845794082041,108.161683624934,8.47651659244995,17.715997183202,29.8038839510169,19.5344702248769
97.9040792197663,108.509734779531,8.12598752498187,17.6287615669844,28.967657657895,20.615949688971
97.1367849919441,108.815939185494,7.75327080354521,17.5544150789502,28.1238169373706,21.6727444702044
96.3422567936174,109.078861022542,7.38226603605259,17.491500744658,27.3143546874313,22.6599062708992
