P_Ankle_Flex_Ext,NP_Ankle_Flex_Ext,P_Ankle_Abd_Add,NP_Ankle_Abd_Add,P_Knee_Flex_Ext,NP_Knee_Flex_Ext
95.6710856572823,112.661455514372,-11.8137095025417,-5.04376563128451,28.5023307758361,20.1162432253135
95.1354724782045,112.705134259344,-13.2920342968246,-4.90328517936228,29.171207200311,21.5254898168064
94.6823573704394,112.665474694129,-14.6942560243215,-4.77122667799137,29.8836027484857,23.0273882846659
94.3649648835907,112.486065154314,-15.953949605349,-4.65519635364619,30.6446566474882,24.6519489499622
94.2155384956697,112.106292030354,-17.0166919781044,-4.56091693256565,31.433729748352,26.4281454684565
94.2420101412417,111.465896645756,-17.8523243071504,-4.49037508855345,32.206093258238,28.3814656309904
94.4304641390771,110.51088274043,-18.4592395952607,-4.44110496393781,32.9030804618422,30.5334144639165
94.752488325788,109.199293274465,-18.8603255492443,-4.40763634593677,33.4650896435057,32.8988988484366
95.1732262130251,107.507241960976,-19.0965557809418,-4.3847245946396,33.8431919135278,35.4816584222442
95.6572071317217,105.435541381945,-19.2212312367864,-4.37012330564407,34.0086954646647,38.2709091787806
96.1728568772511,103.016031199479,-19.2937555164263,-4.36476003577817,33.9594747072011,41.2401242879073
96.6965034654036,100.316143681191,-19.3707579118777,-4.37103591753017,33.7208628606991,44.3485397339317
97.2142763954929,97.439238472814,-19.4954087818912,-4.39082666488407,33.3409846642695,47.5459800261473
97.7206367345976,94.5182442098941,-19.6887243802198,-4.42253119997355,32.8822066680202,50.7777869445857
98.2150782148978,91.7021672089256,-19.946540106717,-4.45688812982547,32.4107244485175,53.9873901742742
98.6989951983367,89.1397505154655,-20.2440233327161,-4.47524506790862,31.9863493760986,57.117045981241
99.1734513601279,86.9662992688792,-20.5457840330998,-4.45406568363955,31.6542016759927,60.1064939848007
99.6382464397139,85.292650349372,-20.817265409648,-4.37250923171023,31.4394636971776,62.8933788607527
100.09183434931,84.191950136761,-21.0345252600323,-4.21702036569609,31.345147831971,65.4200262708101
100.531372793515,83.6871226356431,-21.1901510460172,-3.98253609202463,31.3526201178938,67.6411782783097
100.952908394457,83.7464796034147,-21.29300172551,-3.6732837184083,31.4255794213736,69.5259860501052
101.351724839594,84.2927906900125,-21.362519206813,-3.3048839328786,31.5173317980165,71.0562472385753
101.723088408903,85.224451147089,-21.4212095926953,-2.9069183761351,31.5796336318761,72.2243707571779
102.06351046895,86.4379306366498,-21.4880876615131,-2.52195771148914,31.5707932042186,73.0306613975075
102.372233236953,87.8409470619332,-21.5737653309506,-2.19772801209676,31.4612543604476,73.4792953020462
102.652562174983,89.3554184246541,-21.6777287516526,-1.97446889593811,31.2363027277777,73.5741056301089
102.912250540858,90.9152731748663,-21.7892826639312,-1.87352961254493,30.8962481054575,73.3156656515357
103.162533450531,92.4653478957738,-21.8922091754872,-1.89196709579617,30.4544636999835,72.7007391924667
103.416239872608,93.9636847100764,-21.9709062656477,-2.0045085687721,29.9342126354209,71.724323453942
103.685304600843,95.3836719226117,-22.0156656861723,-2.17172403583726,29.3655825784038,70.3834836622045
103.978141992212,96.7136371867092,-22.0256351058843,-2.35095601987964,28.7828606829681,68.6813584677145
104.297301111439,97.9548344210898,-22.008312210788,-2.50628659776635,28.221388612941,66.6294135874323
104.638132042411,99.1171997064188,-21.9754336170611,-2.61566248639414,27.7131093348035,64.2475662503425
104.991072639535,100.212293442619,-21.9375446183072,-2.67342122576354,27.2818319342314,61.5639129145103
105.347198361143,101.246707904811,-21.9005066668646,-2.68714256018939,26.9403796771617,58.6158862708211
105.701841779161,102.219781364617,-21.8653188226083,-2.67161252222278,26.6900155320387,55.4539879551569
106.054579602164,103.125261527098,-21.8299607162944,-2.64307726010393,26.5211586191966,52.1474126263063
106.408097068748,103.952822378735,-21.7910412089438,-2.61381772650443,26.4155717047098,48.7866121198148
106.767040084752,104.687009771638,-21.7445394436785,-2.58818175579204,26.3499817345288,45.4769053866551
107.136680749657,105.306263689302,-21.6863662037251,-2.56272087126046,26.300085490905,42.3245801521898
107.521658124136,105.785015937176,-21.6129218080511,-2.53046860536824,26.2447915430393,39.4241579783592
107.92540240181,106.097774036379,-21.5212673897824,-2.48744364047343,26.1705323786704,36.8521146753508
108.350101160626,106.223389452028,-21.4092651496092,-2.43924593556912,26.0743901006266,34.6648421352628
108.796251714744,106.149975164265,-21.2758674890999,-2.40550556578509,25.9649762670472,32.897674841936
109.261499585128,105.880499330318,-21.121100554415,-2.42037337328013,25.8609086150942,31.565029067538
109.73951418436,105.436925944147,-20.9457909354767,-2.52805238865645,25.7883732514378,30.6617196326077
110.219536437011,104.86060548501,-20.7513221580615,-2.77312883624264,25.7797041576894,30.1633938503169
110.686267460219,104.207355653788,-20.5396185057992,-3.18748321870812,25.87243582112,30.0263840176311
111.119600895015,103.537837870278,-20.3132472435715,-3.77851901886033,26.1073778467697,30.1906676345439
111.495143848475,102.908230926517,-20.0752137655168,-4.52377679926355,26.5257937687631,30.5867056930556
111.786480746021,102.36525910429,-19.8289286911194,-5.37416464683081,27.1661438814461,31.1418265379079
111.96741574005,101.94395948826,-19.5786741573087,-6.26420199281452,28.0611261945811,31.7829523340978
112.013018781835,101.665944393135,-19.3293072961695,-7.1251095013023,29.236350625582,32.4380409522555
111.901317648375,101.538029165034,-19.0850371447491,-7.89620801692624,30.7101195403302,33.0398862888376
111.615880860237,101.552264860814,-18.848963250319,-8.53201438920355,32.4925958489018,33.5316925078497
111.147737635547,101.689062010759,-18.6234280396584,-9.00622161261481,34.5842921494561,33.8711752380226
110.497512983454,101.922646984134,-18.4095881148407,-9.31464012797057,36.9726785686864,34.0327047535492
109.679220041979,102.226004113234,-18.2060044243228,-9.47597310591507,39.6259076786042,34.0086311324395
108.723565941271,102.573762850136,-18.0073017662017,-9.52730109447423,42.4880231082686,33.8082606843361
107.677337643558,102.943225397919,-17.803872737308,-9.51358867525779,45.4793992030951,33.4534073127767
106.598348509198,103.315151259736,-17.5834997653046,-9.47527730688404,48.5017938599085,32.9726726460574
105.547261677291,103.674916014001,-17.3347131179232,-9.43903989792528,51.4478649872369,32.3964388808059
104.578370801905,104.012549420865,-17.0504866306023,-9.4141693948706,54.2128601583787,31.7530190556568
103.732336629039,104.321728338386,-16.7311626824372,-9.39492466945048,56.7036566717678,31.0666881057689
103.033319033229,104.599000089279,-16.3856703082909,-9.36719034917752,58.8444832444447,30.3573412179294
102.490926942146,104.843225961026,-16.0297934497015,-9.31730446221954,60.5823524838099,29.63963233859
102.103757922987,105.05548167158,-15.6818684155256,-9.24048353352801,61.8928257805431,28.921699504894
101.86137055608,105.239411937388,-15.3585756907753,-9.14421450338479,62.7809470998701,28.205787678807
101.746038682057,105.400376770217,-15.0727602856324,-9.04481631741655,63.2743373353111,27.4902018851215
101.736288652882,105.543397045592,-14.8331590716438,-8.9612198240989,63.415152556612,26.7707326298535
101.811182223032,105.672039401809,-14.6455114347427,-8.90946378934183,63.2569894301343,26.0422275415755
101.952631025494,105.788393890469,-14.514222216636,-8.89819165421528,62.863415047499,25.3010815091234
102.144750608223,105.892997805691,-14.4431497645044,-8.92590431136174,62.3024497671748,24.546991420209
102.371684338221,105.984835021101,-14.4348303798484,-8.98203870824209,61.6375385868916,23.7822620739817
102.615810297863,106.061948562131,-14.4884882800227,-9.05158660944657,60.9204599586521,23.0098682037092
102.858251835244,106.122970777391,-14.5972141162484,-9.11929126040881,60.1890339979259,22.2322692626785
103.081733960403,106.169356740165,-14.745253404322,-9.17169550292962,59.467815070412,21.4511163924983
103.273274190029,106.206345149837,-14.9082649235923,-9.19869220676405,58.7696201554388,20.6682015953636
103.425013630242,106.241864725516,-15.0588522623059,-9.19436881544913,58.0972178627869,19.8875761839588
103.533450097734,106.285691653333,-15.1744000385094,-9.15641609763473,57.4443657977157,19.1162702339054
103.59858152874,106.348411666738,-15.2410367896616,-9.08535065403567,56.7967633306232,18.3625342145397
103.624323088202,106.438021821192,-15.2523514079399,-8.98408795490876,56.1351376825514,17.6342933062165
103.618933604967,106.556849866244,-15.2072764620135,-8.85686221234299,55.4390717869375,16.939963809257
103.593848175413,106.702499692987,-15.1093561590008,-8.70753400583759,54.6883101326442,16.2903514239888
103.561589208214,106.871544979218,-14.9652524397655,-8.53883401379586,53.86272709628,15.6994110986642
103.532998447888,107.061936925604,-14.7822490870866,-8.35286137735225,52.9429822380302,15.1835131015269
103.514023910168,107.273143523189,-14.5672373377703,-8.15147363863026,51.9111804844747,14.7596173654591
103.504057314353,107.506005051608,-14.3278159868258,-7.93648189481195,50.7519449080232,14.4427406669672
103.496091307295,107.762528815861,-14.0738525934507,-7.71011782860961,49.454872850444,14.2445012739381
103.476759443888,108.044946035683,-13.8176733650215,-7.47507766716649,48.0168340718159,14.1737503935368
103.426067978309,108.354762495501,-13.572053593332,-7.23411375553968,46.4417275962937,14.2367342472972
103.318454221406,108.692023793288,-13.346998117587,-6.98957211876601,44.7381944481413,14.4353088555669
103.125294249177,109.054656746571,-13.1471869029339,-6.74300522513328,42.9191856228958,14.7661085344644
102.817028463082,109.438431852038,-12.9711339025325,-6.49553719215212,41.0052643592065,15.2221993275403
102.364231208539,109.83745969412,-12.8123392755164,-6.2491188168369,39.0285281257718,15.7948056452582
101.738947900822,110.244700317159,-12.6617506106668,-6.007051622562,37.0326958888243,16.4730803757242
100.918750647797,110.652543856724,-12.5102006772077,-5.77273353094151,35.0675558913886,17.2422700370177
99.8958017632741,111.053326065613,-12.3505371962551,-5.54865558844072,33.1816875783993,18.081213908457
98.6899434840541,111.439072155687,-12.1797132546945,-5.3372481872966,31.4188355702388,18.9601094267668
97.3598855416373,111.800779316102,-12.0005475060566,-5.14185751267531,29.8165079720396,19.8404906704968
96.0030283588155,112.128526496181,-11.8221422233345,-4.96660768292502,28.4042135212125,20.6781405182113
