P_Ankle_Flex_Ext,NP_Ankle_Flex_Ext,P_Ankle_Abd_Add,NP_Ankle_Abd_Add,P_Knee_Flex_Ext,NP_Knee_Flex_Ext
83.5365694649001,103.511262103629,13.9887913678407,-14.154948497949,6.00793945346297,-0.667690135878916
83.1658961015506,104.065824752798,14.3808009875466,-13.9735908088257,4.28693256243561,0.356705149286505
82.7601776359851,104.569813688681,14.7930510900327,-13.7830386156277,2.44356896676625,1.43691873117821
82.3119337782397,104.982243334416,15.2202835087705,-13.5761062592898,0.459240696780606,2.59029440074524
81.8243480683128,105.265234722095,15.6775933888492,-13.3481771188496,-1.64760964520429,3.8360893571199
81.312753195344,105.390747272303,16.1919271039272,-13.0972582293182,-3.82477217390926,5.19087464083681
80.800536694775,105.344667503471,16.7832444305288,-12.8219767428288,-5.99423359242156,6.66530215815961
80.3145808216519,105.125295857389,17.4483391596691,-12.5185324050909,-8.0635651640862,8.26404781246429
79.8810115685331,104.737901125273,18.1583375967677,-12.1790499130889,-9.94307015868868,9.98936763985187
79.5204952443903,104.18869078863,18.865605775708,-11.7944601624172,-11.5660166285977,11.845277732753
79.2440017873116,103.481065496547,19.5126420194345,-11.3608137757673,-12.9023501709834,13.8386847587539
79.0502954368074,102.61512282419,20.0442978895666,-10.8826349768975,-13.9581236867799,15.9776672199942
78.9276982097524,101.589960403778,20.4214413432423,-10.3704664092463,-14.765336198118,18.2690303126597
78.860127850388,100.409349376827,20.6268216198839,-9.83777249199772,-15.3709720300676,20.7152986875539
78.8325624478713,99.0895448540771,20.6623469617121,-9.30028150191292,-15.8263923030832,23.3090076546589
78.833396850381,97.6657080070465,20.5445227075598,-8.77409448052556,-16.1779860480223,26.025934078157
78.8547693002268,96.1963394700039,20.2993521276302,-8.27187559903501,-16.4622401423247,28.8233007401587
78.891578263496,94.7657462543143,19.9548761366138,-7.80112827494199,-16.7047641368468,31.6435967477686
78.9403127285725,93.4822819773386,19.5329954840206,-7.3655744208529,-16.9213233889305,34.4193457334036
78.9987054829263,92.4693938774968,19.0451550905792,-6.96827099320986,-17.119205097133,37.0750040930802
79.0662529666126,91.8448243094699,18.4935640188018,-6.61541289985086,-17.2982023257969,39.5249127669479
79.1447633226123,91.6908683236048,17.8761844280528,-6.31816434043768,-17.4529023510155,41.6728549748147
79.2373851406124,92.0308116075587,17.1937721345809,-6.09047845552544,-17.5769075840592,43.4210016175928
79.3469852755685,92.8219710378216,16.4550070675827,-5.94550231632207,-17.6665095916384,44.6852950509382
79.4758636206522,93.9644483068312,15.676534997311,-5.89411737634088,-17.7218284703347,45.4068649265366
79.6260883010884,95.3227046151338,14.8792381150139,-5.9447977416229,-17.7459020919081,45.5565025702992
79.799295471162,96.7543685114867,14.0819328865126,-6.10106589584573,-17.743167344722,45.1344233764156
79.9963111352743,98.134341928323,13.2952842776462,-6.35538402529876,-17.7178766058552,44.1640468150437
80.217217519849,99.3669669385936,12.5219383141293,-6.6854239309319,-17.6725696638366,42.681622726605
80.4625142894908,100.389436931895,11.7617990272578,-7.05935658196135,-17.6077377508819,40.7317916132262
80.7349336520425,101.170460270738,11.0155784643626,-7.44723543247611,-17.5231166431135,38.3750695612351
81.0396578664928,101.706828222004,10.2869490917087,-7.82911499659982,-17.4191534616324,35.6993548782717
81.3820761056647,102.020012300958,9.58523315055289,-8.19392845197826,-17.2970029864485,32.8239643964941
81.7643771901931,102.15046753104,8.92509869158638,-8.53268448524213,-17.1566796204438,29.8925736792128
82.1830179664987,102.147948287753,8.32286675514221,-8.8349963857745,-16.9948619856445,27.0584992308096
82.6293181770117,102.062593566816,7.79297129047445,-9.09228211989546,-16.8047225293338,24.4661854905599
83.0922153865221,101.940069010435,7.34656403830336,-9.30337918295928,-16.5786679616279,22.229978676449
83.5603282514377,101.816953485571,6.99215761815145,-9.47801096044927,-16.3127165204704,20.4142530442068
84.0224679225997,101.715304926212,6.7360848071825,-9.63574296395327,-16.0100112069191,19.0237211933637
84.4663573152145,101.642237295326,6.58168939914778,-9.79907884254946,-15.6807139375708,18.00989900043
84.8769915198413,101.595577979267,6.53075839374368,-9.98369470054382,-15.338196095908,17.2912852425163
85.2366433943454,101.569267217174,6.58752473441352,-10.192810190973,-14.9950912320477,16.7773142296914
85.5256351950729,101.555702453422,6.75892772540785,-10.4199871982808,-14.6614365103887,16.3860457136272
85.7240557812825,101.547865377724,7.05098190805572,-10.6576758778908,-14.3440627067888,16.053036078302
85.815423344863,101.542051084253,7.46750083595818,-10.9035602727055,-14.0465987670913,15.73391066064
85.7898366799155,101.538388163932,8.01096861806851,-11.1602116283609,-13.7699181769782,15.4032228942624
85.6455402184393,101.538297902563,8.68110992871812,-11.4311879832889,-13.5129022188572,15.0512879871033
85.3904024102185,101.54188993919,9.47204368484758,-11.7179134026688,-13.2735469194743,14.678969141553
85.0421910090089,101.54773913765,10.3717662441615,-12.0188227461996,-13.0495447560808,14.290855383128
84.626294085647,101.554106855993,11.3637427555731,-12.3299352967932,-12.8379085958446,13.8899414605245
84.1724675792539,101.559651641508,12.4280364090315,-12.6454174629582,-12.6344994162959,13.4763990349692
83.7119574253987,101.563421592885,13.5411880204504,-12.9582796004266,-12.433986334373,13.0492787786386
83.2731762761883,101.564775370839,14.6764191624483,-13.2614191649814,-12.2303539325251,12.6081232875866
82.87560090737,101.563273318829,15.8050305024363,-13.5485357223356,-12.0175386682519,12.1532132125845
82.5269964304586,101.558755268853,16.8981811261087,-13.8150245751939,-11.7893387584273,11.6851078707696
82.2266852830015,101.551759312624,17.9294333628935,-14.0583507713519,-11.5391979424249,11.2046039881115
81.9711659920078,101.543450076752,18.8778257777487,-14.2776776907285,-11.2611115971956,10.7139869690053
81.7575703160081,101.534736603897,19.729070197761,-14.4737513770012,-10.9509126573586,10.2183795220447
81.5838911074547,101.525561095601,20.4735588373628,-14.6490482829059,-10.6062647804504,9.72449986838526
81.4487500776544,101.51504822936,21.102505681034,-14.8077304887052,-10.2256102592631,9.23736455249655
81.3526612787248,101.501939926011,21.6053405974603,-14.9556076706738,-9.80735885073807,8.75812586146467
81.2996706885281,101.484414117239,21.9708802182345,-15.0994578003407,-9.3490199261202,8.28429521250577
81.2981749343897,101.459942071561,22.1914335427558,-15.2448945936944,-8.84571392318528,7.81199935793644
81.3602107652741,101.426324762426,22.266022302208,-15.3943674480671,-8.28893579961751,7.33901460535754
81.4977723666291,101.382907861681,22.1998341950095,-15.5474631896115,-7.66552690048208,6.86652232174233
81.7174004392035,101.330594136285,22.0007457411977,-15.7025470598598,-6.95548805979778,6.39910272262294
82.0179819298021,101.271245623555,21.6757718039077,-15.8578940135844,-6.12851062803206,5.94328622207087
82.3921114951758,101.207363022075,21.2307192711814,-16.0123413067765,-5.14078271058335,5.50511086365745
82.8277175515518,101.141880051793,20.674939273393,-16.1654043833715,-3.93508072353633,5.08849253902617
83.3101607949081,101.077800047047,20.027976449607,-16.3163969893638,-2.44758559016574,4.69507452402408
83.8235364347361,101.017336361413,19.322596983734,-16.4633254323519,-0.622684921432699,4.32415365284099
84.3487576157915,100.96130401719,18.6018635503898,-16.6031294413596,1.56534556249728,3.97181777370182
84.8630804256583,100.910431835618,17.9121455791649,-16.7327019487359,4.08972132556647,3.63004511776537
85.345849248789,100.86695279084,17.2961613647924,-16.8482056586604,6.86269442478017,3.28735002471324
85.7842454703576,100.833459884031,16.7870096152946,-16.9441379359331,9.75326347359349,2.93144903012154
86.1720687449015,100.810050944168,16.4022852893441,-17.0152967801024,12.6209353236235,2.55321262010787
86.5062493759263,100.793166521833,16.1413990231613,-17.0592934064794,15.3428273982342,2.15070356797406
86.7875621206138,100.777262538005,15.9886773900832,-17.0768017523102,17.8263476777046,1.73082844180938
87.0248577377507,100.757433059796,15.9190253442028,-17.0708588022528,20.012461149706,1.30689024710836
87.2383899845737,100.731051222755,15.9017158110731,-17.0462502869869,21.8695749425269,0.893307973840988
87.4583934449546,100.697840943133,15.9017134852373,-17.0090432810578,23.3819257809959,0.500331786883991
87.7202260252347,100.658886941747,15.8810120521027,-16.9661060495625,24.5413939078986,0.131373516460894
88.0576653559791,100.616236505218,15.8014377960361,-16.9238963123954,25.3425395228814,-0.216261931168102
88.49292628089,100.573871966729,15.6283214296886,-16.8869475425801,25.7770665328158,-0.548502394990479
89.0290097932204,100.538122964499,15.3360360639137,-16.857411393823,25.8309682728261,-0.871355014901357
89.6506214161294,100.515961779481,14.9150154299325,-16.8355325842861,25.4919435822289,-1.18876231137278
90.3273227290888,100.51281143704,14.3753003492618,-16.8194917162576,24.7652714295779,-1.50155831105583
91.0135734672317,100.531561695153,13.7471413891188,-16.8043721683976,23.6860498223745,-1.80726940201201
91.6507860770269,100.572966209939,13.081328455175,-16.7822645109462,22.3200020730243,-2.10067456433175
92.1752444610387,100.637594705706,12.4407396766723,-16.7445710984343,20.7534678565852,-2.37439661953893
92.5301033177019,100.727962742115,11.8810144699888,-16.6836039508263,19.0783863489188,-2.61865023242888
92.6754027023946,100.84837278318,11.4371694995758,-16.5915388615737,17.3788212808729,-2.82056323305012
92.589974537417,101.003119990371,11.1262040229536,-16.4604464654591,15.7226811300449,-2.96439477851749
92.267010042882,101.195784467398,10.9565788575266,-16.2851201855737,14.1589098369804,-3.03321458121279
91.7093075231589,101.429432320595,10.9326692174726,-16.0647197673152,12.7162697315057,-3.01138385900472
90.9275445295689,101.705852360291,11.0524741940323,-15.8021817138712,11.4016855184449,-2.88709409905535
89.9416101668347,102.024319288995,11.3043064007912,-15.5042090824197,10.2030326430494,-2.65506140790463
88.7827038960315,102.380583202989,11.6658279881527,-15.1814379831801,9.09917789338023,-2.31953163096545
87.4950368934461,102.765322867964,12.105774649827,-14.8469231295582,8.07292110966463,-1.89691460123752
86.1399313876054,103.162625078536,12.5875814779983,-14.5147373922532,7.12101437288155,-1.4167940592664
84.8017163597202,103.550115962857,13.0721369947832,-14.2003627762408,6.25733276876355,-0.920000951908944
