P_Ankle_Flex_Ext,NP_Ankle_Flex_Ext,P_Ankle_Abd_Add,NP_Ankle_Abd_Add,P_Knee_Flex_Ext,NP_Knee_Flex_Ext
93.2708777590913,102.246491423592,1.12062586501097,-3.15813040845828,11.0440234279818,8.15478008874308
93.3629836298837,102.584494163069,0.319331876777003,-3.01472596687644,11.3571862395226,8.62592863446476
93.4740569901455,102.92831553392,-0.484306752897261,-2.87026810288507,11.6782336386766,9.13504343787172
93.6136346256042,103.273836631109,-1.27617610464816,-2.72504934324213,12.0026872851318,9.7025185213825
93.7904808572262,103.614502433884,-2.04071042282343,-2.578090230011,12.3272313627161,10.3492303694293
94.0107193871696,103.941594255907,-2.759091645646,-2.42768904703034,12.6485225213135,11.094673836189
94.2748978926578,104.244525624087,-3.40913365603,-2.27133063726184,12.96128624586,11.9557607715313
94.5776106332998,104.511724812396,-3.96819172302368,-2.10547595900533,13.2569283867941,12.9471237181298
94.9102454270812,104.731547471002,-4.4191052883046,-1.92576442789751,13.5249164291712,14.082181084643
95.2633464479327,104.892147165308,-4.75633765160688,-1.72789942903588,13.7564516584088,15.37389238596
95.6276037092414,104.980721547369,-4.98771862135833,-1.50929418272994,13.9475616013558,16.8345260748925
95.994522354239,104.983060825466,-5.13000664228541,-1.27050108037843,14.1000376181087,18.473988546739
96.3569257062886,104.883988608437,-5.2015972636783,-1.01532518683769,14.2199877380127,20.2981514449695
96.7098396981422,104.668805928543,-5.21764196343839,-0.749802447980524,14.3147580677668,22.3079776801058
97.0510664499335,104.324910001412,-5.18926901993568,-0.481355119645944,14.3904870193911,24.4985384522689
97.3799786121605,103.843396109021,-5.12455359284257,-0.219248757633052,14.451745201206,26.8571661803923
97.6956403915142,103.221858900264,-5.02977359637119,0.0244246859853809,14.5022624476055,29.3603047262979
97.9963196425281,102.468120739857,-4.91119283748387,0.234935208798056,14.5455055030887,31.9712071503422
98.2802484132944,101.602716231092,-4.77613495377159,0.396762444758802,14.5848391071835,34.6411026583469
98.5457770639782,100.659256104219,-4.63187719495834,0.496346870050519,14.6233730285123,37.3138160299907
98.7903435252934,99.6830575191486,-4.4832867940319,0.524650808097671,14.6638605044974,39.9319168233775
99.009375717273,98.7283285792568,-4.33125811175636,0.478980114043145,14.7086652015411,42.4411792549393
99.1964022348131,97.8533040446989,-4.17280822436195,0.364063396563219,14.7593391803265,44.7915425828983
99.3449354671217,97.1116198155748,-4.00307041721426,0.192805027548878,14.8157345551168,46.9357382095982
99.4508074102511,96.541765982976,-3.81896783599663,-0.0131474383767637,14.8752019714367,48.8285156041102
99.5137280303943,96.160809407164,-3.621870412556,-0.225223261106989,14.9325701773005,50.4276653203359
99.5388782764349,95.9649330172588,-3.41758912526244,-0.414728392775123,14.9811074741817,51.69616476838
99.5384666324741,95.9337543324917,-3.21533599125487,-0.562235862219578,15.0139258093265,52.6050429742274
99.5309579758531,96.0356725821331,-3.02568254589858,-0.663567820066113,15.0251114771792,53.1346705405222
99.5370288681186,96.2334903914979,-2.85767201652108,-0.729620157139043,15.01046945566,53.2725721489974
99.5747660050826,96.489427135086,-2.71746321102242,-0.781600032907296,14.9681570969897,53.0100086533449
99.656544845755,96.7684354193021,-2.60823752577292,-0.844021183814791,14.8989744827523,52.3407065035755
99.7878884276945,97.0397687976194,-2.52994686929274,-0.937825301820902,14.8057222018512,51.2627731005307
99.9680505956631,97.277613799598,-2.47927306239494,-1.07575975298173,14.6919668923495,49.7820526446946
100.191701505008,97.4614343545837,-2.45032668989594,-1.26021430524111,14.5612530936609,47.9146135015919
100.450078916445,97.5763160212838,-2.43622708771215,-1.48283307934274,14.4167661196673,45.6881645917014
100.730473870824,97.6134098222681,-2.43023724728912,-1.72625150578483,14.2609966054449,43.1430375011071
101.016471675,97.5698349424293,-2.42572538865435,-1.96763775033793,14.0958774739942,40.3329449735269
101.291851456808,97.4471109607023,-2.41671644262052,-2.18243448001375,13.9235157735462,37.3253491440727
101.546103165005,97.2484708815114,-2.39916648098353,-2.34795581007924,13.7467438965591,34.199568814595
101.776709232223,96.9764064137438,-2.3712343334665,-2.44691332926932,13.5692704242919,31.0422467288945
101.986691782541,96.6323083019703,-2.33268749758433,-2.46953455136494,13.3957578934235,27.9425990456589
102.18107826211,96.2194294583339,-2.28463922794785,-2.41379859480795,13.2317897148655,24.9876652588059
102.36526594965,95.74692524044,-2.22912649770273,-2.28497518046765,13.083712067303,22.2566328082844
102.544784725798,95.2314301270675,-2.16795693776473,-2.09511122614183,12.9584302631295,19.8146207082336
102.725961977256,94.6958214867737,-2.10228702317835,-1.86224770608707,12.8626048073329,17.7070990823608
102.916430073431,94.1669706985983,-2.03323624435831,-1.60928079831154,12.8011465323556,15.9576540521865
103.123600898914,93.6734642583949,-1.96179903829232,-1.36260155708692,12.7764536611965,14.5695716108173
103.352056166065,93.2427994043592,-1.88819208480648,-1.15049675212706,12.7896043649681,13.5286282112135
103.602620063731,92.8977718102282,-1.81202937470317,-1.0012089104295,12.8430575509993,12.8061694316736
103.873463473518,92.6530429693661,-1.73295732798214,-0.940906433763222,12.9435885774079,12.3618957051078
104.161633961508,92.5130774538765,-1.65078006467582,-0.991352963394607,13.1038889945291,12.1461329480151
104.463790212509,92.4727048328879,-1.56488214747249,-1.16587508473579,13.3417830429973,12.1040690687314
104.775751425156,92.5207215960385,-1.47346230494898,-1.46456797044281,13.6777987170763,12.1826724176938
105.091858012824,92.6443523158444,-1.37332406481467,-1.87330670656815,14.1321010185768,12.3372856541419
105.405253801339,92.831921081203,-1.25965696136608,-2.36753296293087,14.7214694331403,12.5347753194591
105.708370576972,93.0733090718977,-1.12526781547676,-2.91631373866589,15.4580410816776,12.7524070180799
105.992136976098,93.3591812859802,-0.96061180933702,-3.48456691671624,16.3503747939837,12.9741020618736
106.244601684097,93.6801989546352,-0.755260771217863,-4.03581818038086,17.4049179258031,13.1865793339928
106.451593715556,94.0267420945057,-0.499841161689391,-4.53676503852896,18.6266818549792,13.3770801375105
106.599048944379,94.3888244934989,-0.188071313144935,-4.96204600510566,20.0196744546952,13.5331557475563
106.673752040652,94.7564817321876,0.180912228283592,-5.29800600757779,21.587159035325,13.6443475114835
106.662145851706,95.1208862424944,0.600412565564064,-5.54480976431573,23.3310961795378,13.7051104132387
106.54993569521,95.4754450860162,1.05545721664736,-5.71543708864985,25.250584465614,13.7169089847556
106.324193479493,95.8163026448284,1.52417280966563,-5.83105737749157,27.3399944446786,13.6875330775467
105.976967883213,96.1420975647656,1.98062038881733,-5.91401243518921,29.5877330116619,13.6284343056873
105.508407270977,96.4532095227187,2.39816823638439,-5.98100529326624,31.9749943679559,13.5520890676943
104.928777708138,96.7510649981684,2.75224002870731,-6.03947092046054,34.4734362035923,13.4701161050867
104.25924799559,97.037570460979,3.02168475648036,-6.08801928173568,37.0433475629294,13.3916898179065
103.531102327281,97.314486158682,3.18987241277336,-6.11998377996008,39.6343427783861,13.3219473710483
102.784182158678,97.5827478748494,3.24669089711007,-6.12856713149123,42.1876916013912,13.2609127931787
102.064615264252,97.8420625279878,3.19062110297455,-6.11086647748566,44.6387522183423,13.2036367234305
101.419786166868,98.091194750686,3.02952229661917,-6.0684405351591,46.9200524146274,13.141724543116
100.890170361245,98.3284754225252,2.77979030610558,-6.00532330928403,48.9653424524877,13.0654394494068
100.500821393297,98.5518702986039,2.46445078025428,-5.92609066992314,50.7132277200507,12.9654839334335
100.256419969234,98.7589076416679,2.11058309888878,-5.83504836401622,52.1100821839521,12.8343837106331
100.14272571948,98.9469568633913,1.7456248457666,-5.73610272514569,53.1130523535706,12.6673559479954
100.132711434434,99.1141527090438,1.39292965496584,-5.63278251812357,53.6924233950695,12.4627244361701
100.19260367641,99.2607189844016,1.06863926653422,-5.52798599326147,53.8323254858899,12.2226471616362
100.285870378126,99.3894435480764,0.781466831821694,-5.42370074419086,53.5304059329109,11.9539400860444
100.375956258795,99.5047567186633,0.534976729808667,-5.32143279418021,52.796718273404,11.6674037486298
100.428798935247,99.6112964281888,0.330760626187496,-5.2227458232591,51.6509356707058,11.3754981202153
100.41606833318,99.7127866309927,0.170669501405465,-5.12905491010482,50.1184593723666,11.0899138536279
100.318818063648,99.8115879521253,0.0567129418600989,-5.04125905100574,48.2275466039249,10.8196699562259
100.13029020062,99.9088676692287,-0.0108848537376194,-4.95946890471817,46.0095004655519,10.5698560651172
99.8573477086229,100.004961869201,-0.0359861649580825,-4.88269089890907,43.5015698711504,10.3414657017912
99.5192892824124,100.099754732559,-0.0280086396885566,-4.80902516379373,40.749581025394,10.1322361456275
99.141995157086,100.193139490009,-0.000486366518515697,-4.73602948834085,37.8088069352395,9.93808699484996
98.7487842093154,100.285524497561,0.0335757258296903,-4.66069325265175,34.7429696526299,9.75459638931437
98.3530466908893,100.37811428972,0.0659749969393206,-4.57976236037917,31.6213992524503,9.57799631176854
97.9562142621328,100.472917402278,0.0947818186842895,-4.49050302077115,28.5163945829755,9.40571189396523
97.5508374434632,100.573010175315,0.123395572667531,-4.39109907866757,25.5016192714558,9.23671068003509
97.1267566592654,100.682803759294,0.15823779644805,-4.28058051584446,22.6491167947294,9.07183335798109
96.6773349556212,100.80732157523,0.206549567054429,-4.15861106114296,20.0248556572085,8.9140198315199
96.2023476943863,100.950953900711,0.274583300561291,-4.02521435910629,17.6844835563669,8.76810673732533
95.7074847662068,101.116920041463,0.365756328205423,-3.88064039432624,15.6685806039396,8.64011095773953
95.2030090952456,101.3070047756,0.479697320834072,-3.72578818320977,13.9976205040772,8.53625939169426
94.7019396511656,101.520592005026,0.612922681842901,-3.56291170205851,12.6688620803036,8.4617031535963
94.2179845637725,101.753464456185,0.760021836914284,-3.39603721282392,11.6566894378653,8.41872631762367
93.7647167282281,101.996855576501,0.913861184212517,-3.23101645947382,10.9165414614881,8.40497974656728
93.3550835593657,102.236880594001,1.06512391801436,-3.07510628764842,10.3919568260994,8.41288612825419
