P_Ankle_Flex_Ext,NP_Ankle_Flex_Ext,P_Ankle_Abd_Add,NP_Ankle_Abd_Add,P_Knee_Flex_Ext,NP_Knee_Flex_Ext
93.8184326684706,101.17826180206,-8.07986257017333,-9.71901382702095,24.0014876065323,10.3982558865404
93.6749643090728,102.122608104495,-7.42797121196728,-9.80125392991629,22.8282462225506,11.8534949274898
93.5648750991217,103.050341908982,-6.82549181850006,-9.87072025704693,21.7325335490808,13.4073378880918
93.4991315523473,103.927827166583,-6.30952980462591,-9.92865395478454,20.7696890582522,15.0972196388799
93.4718495389029,104.713966968198,-5.9084670592885,-9.97632491084559,19.9615853668396,16.9536084714626
93.4745198962539,105.360785182151,-5.63563827090038,-10.018074367639,19.2997472816094,18.9936934485992
93.5011221772028,105.817329416589,-5.48260280453282,-10.066105129122,18.7524214363227,21.2226940216569
93.5463217074003,106.035775920885,-5.421119720038,-10.1440186287309,18.2744514993138,23.6398556238979
93.6049668251246,105.976407449967,-5.41608952175334,-10.2859364768331,17.8196812829279,26.2415780051038
93.6730406646589,105.610977215382,-5.43894898857968,-10.5311611464077,17.3517329686285,29.0201521217237
93.7476605485557,104.926566082643,-5.47231781510994,-10.9164516737796,16.849784228337,31.9606144811543
93.8265530511601,103.92993262489,-5.50711301587782,-11.4675030804774,16.3091821200805,35.0365917679452
93.9076878969243,102.650356286,-5.53780068395689,-12.1906751120666,15.7381525404044,38.2077654077121
93.9883483453924,101.14026449268,-5.55926740551874,-13.0661902845759,15.1523066866273,41.422867321919
94.06398434666,99.4737733475015,-5.56577474303466,-14.0455797831761,14.5691582594572,44.6271412142318
94.1282322530997,97.7416282997598,-5.55100677864779,-15.0571841964934,14.0043781968477,47.7696673676566
94.1742665662404,96.0424185365353,-5.50846532390618,-16.0193487956589,13.4701656998189,50.8078429416156
94.1963080651753,94.4735425952577,-5.432531388261,-16.8560153001223,12.9747523209959,53.7084774984747
94.1904178883397,93.1232437195417,-5.32017667962715,-17.5105917083906,12.5220024343719,56.4462490610629
94.1554444413795,92.061457356281,-5.17230106113818,-17.9556987645252,12.1113832648296,59.001505603706
94.0947829695484,91.32996655905,-4.99441549711532,-18.1950992005284,11.7387634464034,61.3594254198342
94.0172100099097,90.9363957351253,-4.79645973134493,-18.2570698204924,11.3977618615846,63.5103111102079
93.935528821045,90.8551233124808,-4.59118907936714,-18.1843534144583,11.0813243201056,65.4483730627553
93.8636455548308,91.0344486490985,-4.3920131942742,-18.0250368259747,10.7832548456507,67.1687913894462
93.8130430204486,91.4079525183163,-4.21069737828291,-17.8246330892563,10.4991199788743,68.6665753799279
93.7907825747352,91.9070401505002,-4.05492596060152,-17.6201717734666,10.2262344702374,69.9374529586915
93.8002921431229,92.4708099533102,-3.92756211371226,-17.437873145405,9.96362323112003,70.9775952061098
93.8430031100201,93.0509438354564,-3.82808669997934,-17.2936315500447,9.71268051580078,71.7826736623
93.9193873671654,93.6123267977024,-3.75433970618042,-17.194498653627,9.47741712313948,72.3483226449524
94.0299024485113,94.1320571514143,-3.7036584023555,-17.1407163674197,9.26328875896643,72.6712315892686
94.1759752055125,94.5985745989691,-3.67382128848173,-17.1282608132285,9.07564068740637,72.7493375344217
94.360209671111,95.0104676343012,-3.6636444876482,-17.1511164536434,8.91900733804969,72.5807609234251
94.5853344663067,95.3742575475237,-3.67255467185918,-17.2029341446675,8.79690870001883,72.1627015144864
94.8530141855297,95.7016590482125,-3.69943145287116,-17.2782991087657,8.71126005185997,71.4916502566845
95.1631657437216,96.0071237735837,-3.74160562197091,-17.3734422708481,8.66146446458467,70.5646906501705
95.5128924328228,96.3057441227057,-3.79436264847843,-17.4861226828693,8.64423997768101,69.3811002697049
95.89588704865,96.6116464115908,-3.85101365204985,-17.6147345433467,8.65483616228455,67.9430718371385
96.3036283686323,96.9368167026068,-3.90414185203103,-17.7572165994793,8.68883385051069,66.2548533083351
96.7273589986842,97.2891490674191,-3.9482870358259,-17.9101216136174,8.743433961977,64.3219134002434
97.160064436226,97.6686281264453,-3.98212814393561,-18.0671669235367,8.81815713598179,62.1511972056177
97.5984744515225,98.0627080341801,-4.00821231252554,-18.2169309508637,8.91527629337361,59.7520610914996
98.0439538512084,98.4449213358562,-4.03114720983889,-18.3412578146876,9.03993008107595,57.1384963499888
98.5012098421354,98.7797940304774,-4.05594329973498,-18.416697535195,9.19982915432309,54.3324149398145
98.9760602610962,99.0313554380716,-4.08644696932766,-18.4186279251133,9.40477269735451,51.3651445710495
99.4743424127841,99.1700285730839,-4.12375635067469,-18.3251424435497,9.66604456475274,48.2750734455667
100.001688152239,99.1760374370863,-4.16592047043283,-18.1196195404944,9.9956185337792,45.1046989460929
100.562748558769,99.0408647848336,-4.20905500181544,-17.7927930162585,10.4055962688773,41.9009224046152
101.159692411657,98.7681586676817,-4.24816149507999,-17.3440635102124,10.908443137536,38.7154199408624
101.790524734622,98.3740927565556,-4.2772102798689,-16.7813557862454,11.5178689293281,35.602372841516
102.447633620307,97.8871890674529,-4.28993082286333,-16.120141312719,12.2495436746604,32.6175286973263
103.116453662747,97.3474260269745,-4.28171822845068,-15.3826806251449,13.1208634773169,29.8202125711752
103.774200423322,96.8025992650838,-4.25125735758112,-14.5980107253103,14.149927129398,27.2723658996581
104.3896262097,96.298745063502,-4.20104199414695,-13.8029463391471,15.3550267972207,25.0284055374992
104.924595395766,95.8668359319991,-4.13704296889375,-13.0427685774296,16.7548580191279,23.1202650287013
105.336911028448,95.5157565862593,-4.06820885840108,-12.3682463516807,18.3675292108464,21.5494411710702
105.584014430257,95.2377152993386,-4.00670621903577,-11.8260443531825,20.2071371491815,20.2900893745754
105.627858276527,95.0198677033777,-3.96885747307316,-11.4437590525467,22.2792534157422,19.2973277294579
105.439369877921,94.8515928878164,-3.97554872375381,-11.2179840438448,24.5775785947641,18.5146398701643
105.000526149614,94.7244699553022,-4.05085329233022,-11.1153930561866,27.0815797265948,17.8794962171843
104.305094820115,94.6300908912499,-4.21879311339732,-11.0878539277813,29.754566170431,17.3294921349123
103.359064323504,94.5598195407633,-4.49943606822711,-11.0918901862889,32.5464449738549,16.8097774718249
102.17997324577,94.505570965191,-4.90511815334579,-11.100760177495,35.4033103657647,16.2800435674561
100.796138099046,94.4603031751917,-5.43635082853072,-11.104751408977,38.2767889617001,15.7184764542864
99.2476065393779,94.4189047610699,-6.07797691468765,-11.1035772336315,41.1268170479732,15.1215580442159
97.5876932311683,94.3791790310537,-6.79844827035242,-11.0981304668991,43.9197085079618,14.5004239396518
95.8827361022807,94.3417589750861,-7.55400916703774,-11.0868791811531,46.6252516975853,13.8748077322236
94.20936989011,94.3094347474124,-8.29544043495529,-11.0666284918288,49.2142341247667,13.2664060595553
92.6490978252407,94.2864947904811,-8.97421040149327,-11.0342910263559,51.6575962169819,12.6937869533134
91.280200489679,94.2775541039353,-9.54816799943883,-10.9876697198446,53.9281854240069,12.1693047215904
90.1685631064724,94.2861439198765,-9.98751409411882,-10.9252681655127,56.0036221772449,11.6978759495724
89.3582017758147,94.3139906441771,-10.2793755685204,-10.8461615649542,57.8686212323586,11.2778354971926
88.8623385478347,94.3608024756835,-10.4289838681623,-10.7505189677011,59.5161710744924,10.9030550120203
88.6606880888677,94.4242800441731,-10.4571165233741,-10.640221677576,60.9464023163419,10.5649777862009
88.7068552711983,94.500706550938,-10.3950375815076,-10.5188850982024,62.1636539043564,10.2541550500872
88.9411768216997,94.5858183612039,-10.27839168146,-10.3911650064013,63.1734957562452,9.96157848069205
89.3032371066428,94.67546700043,-10.1409940412617,-10.2617223378485,63.9800415106598,9.68018828534705
89.7414864855046,94.7665040772868,-10.0099816493158,-10.1345898871662,64.584127626617,9.40621107432223
90.2183009881068,94.857899881804,-9.90349714936638,-10.0134064017454,64.983585232448,9.13946859945673
90.7101985154429,94.9508319845419,-9.83053416992693,-9.90201461455906,65.1748633959151,8.88270199685455
91.2044238746829,95.0475700321872,-9.79223283758644,-9.80444569320577,65.1538105484464,8.6404787896087
91.6944462740133,95.1504570264489,-9.78399400948854,-9.72382545966435,64.915583979974,8.41755893668636
92.1769731701625,95.2614017736839,-9.79764374232042,-9.66097351453336,64.4553372078293,8.21692764597887
92.6504976415404,95.3817059400279,-9.82332778911028,-9.61431600724002,63.7695491663773,8.0388225128302
93.1141655053764,95.5123629997679,-9.85121744644056,-9.58132760386025,62.856758854289,7.8813793924856
93.5670855837689,95.6544900178202,-9.87303483004714,-9.5598327916876,61.7179087428909,7.74187229842704
94.0083122813208,95.8091994895946,-9.88301799864132,-9.54810582189858,60.3571857507986,7.61761134901298
94.4365490138353,95.977144194769,-9.87798778878604,-9.5442083580842,58.783071853296,7.50671219480569
94.8493716370152,96.1587296899316,-9.85662736984946,-9.5455087208657,57.0091076300147,7.40913355492655
95.2430605444211,96.3550132301376,-9.81832277475623,-9.54898212873113,55.0538359616562,7.32783327391467
95.6126525174333,96.5684010043867,-9.76232402732161,-9.55185416516745,52.9380407059972,7.2695360035155
95.9509610766356,96.8027743047537,-9.68765704662885,-9.55193334841891,50.6799625079973,7.24475212683607
96.2472784651661,97.0632286837733,-9.59314420267394,-9.54806132791348,48.292638396027,7.26712082699772
96.4867096000212,97.3556813331777,-9.47724228553087,-9.54079674427584,45.7845102538046,7.35213576289843
96.6495765509032,97.6862940837179,-9.33844752871154,-9.53226235853225,43.1617941948119,7.51500895500419
96.7109916299993,98.060353317128,-9.17671308379051,-9.52529836052295,40.432681456534,7.7677356497268
96.6424208572233,98.4804411048057,-8.99517241778707,-9.523214697547,37.6138379209888,8.11618167590123
96.4171326454996,98.9441306471718,-8.80094999163696,-9.529784510957,34.7377339679243,8.55793877298468
96.0196991732981,99.4423008931646,-8.60439884801159,-9.54832842149972,31.8563694919186,9.08102725554337
95.457011959409,99.9593274543026,-8.41665134426825,-9.58025033274557,29.0379258874116,9.66348627463234
94.7664367754336,100.474583823342,-8.2462697843,-9.6239602863262,26.3601351873911,10.2740189680594
94.0162049084848,100.96396499466,-8.09745041391905,-9.67453204603082,23.9062842303454,10.8740295599859
