P_Ankle_Flex_Ext,NP_Ankle_Flex_Ext,P_Ankle_Abd_Add,NP_Ankle_Abd_Add,P_Knee_Flex_Ext,NP_Knee_Flex_Ext
95.8388406078317,105.953806794657,-8.8931914959675,-20.3893166600585,19.9198224411838,13.7345525875326
95.8317299153642,106.170814807037,-9.40498904283874,-20.2413674207209,20.512435298194,15.1533857946947
95.8836149292766,106.351236827342,-9.91488092125424,-20.0875193150525,21.1180480684139,16.6459293255495
96.0231865107937,106.466129673908,-10.4061080416616,-19.927741123048,21.7322043041424,18.232632626511
96.2544949782844,106.482169090997,-10.8623316957578,-19.7617731127946,22.3367555553109,19.9388335015288
96.5645759127526,106.36429504368,-11.2727515199013,-19.588571734943,22.9056999854554,21.7923014170148
96.9340505483186,106.078962238239,-11.6327383216064,-19.4064114906643,23.4147721517255,23.8202544232704
97.3434846286109,105.59777822712,-11.9396824784852,-19.213597731117,23.8478340896659,26.0450394121176
97.7759469305578,104.901205809961,-12.1899723107155,-19.0089503823488,24.198360877977,28.478509119591
98.2178912433343,103.982162813337,-12.3804985260909,-18.7920841255146,24.4676886442701,31.1159397983721
98.6588616402102,102.849874762532,-12.5119889026751,-18.5642981904591,24.6616834970931,33.9320152080238
99.0907217806917,101.532001695642,-12.5902052545549,-18.3299551981226,24.787436747772,36.8808801236578
99.5073378883049,100.072852417996,-12.6245981808164,-18.0976732464783,24.8513362011463,39.899585641157
99.9042252154682,98.529062767922,-12.6259120333096,-17.8811120551636,24.8585201129609,42.9139615423953
100.277392806965,96.9650247010197,-12.603718562619,-17.6988243108962,24.8128559052941,45.8460954284053
100.62209783934,95.4480161204644,-12.5651110359534,-17.5720984072283,24.7169622744408,48.622939867188
100.932838811384,94.0426436323546,-12.5150036918718,-17.5205171151034,24.5721837152414,51.1860146893906
101.204630524178,92.8068275971435,-12.4567620396253,-17.5565569865288,24.3785447857324,53.4978677939405
101.434025777738,91.7902290955702,-12.3923274780255,-17.6815082223482,24.1346216000754,55.5393487593061
101.619063410791,91.0307180736061,-12.322115444719,-17.8840022475691,23.8373907354078,57.3010311824238
101.758795986257,90.5463220929208,-12.2449511336356,-18.1408241702618,23.482865361689,58.7774174312977
101.852941419752,90.3284393749411,-12.1584564473367,-18.4202093402924,23.0674044524301,59.9651371227953
101.90193739503,90.343633827752,-12.0602790084603,-18.6878469526896,22.5883829059708,60.8620773678145
101.907323380462,90.5435855446555,-11.9493556969973,-18.9133359761859,22.0446726365356,61.4670532496358
101.872049459527,90.8766836997954,-11.8259701831564,-19.0741554195659,21.4381715268979,61.7799671657661
101.800726589896,91.29644826742,-11.6909590741541,-19.1570337030509,20.7755840567952,61.8019641837199
101.699872623953,91.7656926207244,-11.5454923152813,-19.1584808064035,20.0691854818163,61.5360175921317
101.577810482692,92.2567137555922,-11.3917109157444,-19.08486977768,19.336400636388,60.9881021163207
101.443611025665,92.7491756495034,-11.2331628202889,-18.9512805476985,18.5977719401031,60.1678536694151
101.305231551481,93.2280481751097,-11.0744530181611,-18.778697504486,17.8729884334556,59.0877262836149
101.168184107042,93.6829200728628,-10.9206427776432,-18.5897808439559,17.1766146338035,57.7611300371507
101.035452818128,94.1089751011944,-10.7765200372419,-18.4046118671687,16.5165077813361,56.2010241241099
100.907795536921,94.5078951769443,-10.6453175183401,-18.2378161181878,15.8961952691366,54.4207965481863
100.78354647816,94.8860816018441,-10.5276471217163,-18.0968846513718,15.3184486097361,52.4372418496196
100.658760773495,95.2503159761099,-10.4218390253182,-17.9818720456681,14.7866116984631,50.272094207228
100.528917287683,95.6037460240372,-10.3252104742685,-17.8871506718658,14.303834052641,47.9502029907909
100.391593295198,95.9449586642068,-10.2352004472092,-17.8035613510802,13.8718228158306,45.4974805464706
100.248553037677,96.2693416043637,-10.1502602834718,-17.7196079789313,13.4903260349414,42.9423889537917
100.106308239602,96.569643142436,-10.070317369415,-17.6235700086764,13.1582137081264,40.3194702172188
99.9750543934105,96.8354524330851,-9.99646812248647,-17.5067310895267,12.8752101583479,37.6700101493324
99.8665577921485,97.0535569941863,-9.9302984178469,-17.3650197992005,12.6426199713108,35.0396158657417
99.7921582662393,97.2098132655145,-9.87317437304388,-17.1985615393627,12.4630812613677,32.47704900312
99.7615009270717,97.2920557686278,-9.82579502719819,-17.0105287948287,12.3402667250174,30.0338934856881
99.7815774051258,97.2929798510774,-9.78849879760475,-16.8059873683632,12.2785001629915,27.761070256697
99.8560769320476,97.2116009680844,-9.76170459268473,-16.5911131640726,12.2822328045404,25.7040834968319
99.985297172611,97.0534227570902,-9.74559773931882,-16.3729185068652,12.356103882203,23.9006194764318
100.166216345265,96.8305897532539,-9.73951979712682,-16.1596926240791,12.5057826414494,22.3795183446652
100.392474439726,96.5625477490253,-9.74192973100448,-15.9620131057489,12.7389122641114,21.1602502690084
100.654342431028,96.2765790163948,-9.75114133584311,-15.792806756789,13.0653026098553,20.2534466886309
100.938660679608,96.0071839171918,-9.76622588104271,-15.6656292318855,13.4969691810236,19.6616374858028
101.228980148224,95.7934586236726,-9.78729884208958,-15.5925687573466,14.0490707875431,19.3784865554044
101.506072933778,95.6728523364871,-9.8150945270307,-15.5831151764505,14.7401046337694,19.3859815442753
101.748440235767,95.6716636262655,-9.85025545419568,-15.6437359007925,15.5897041292318,19.6517590022214
101.932769434497,95.7980849217273,-9.89289510271403,-15.7773531171266,16.6159406902454,20.1296206526827
102.034874103314,96.0427053406826,-9.94256014099178,-15.9825194734255,17.8349190907186,20.7632540661999
102.03151301426,96.384575700234,-9.99832415287348,-16.2530120379564,19.2610938218792,21.4914309189177
101.902928555026,96.7983183558089,-10.0589742130598,-16.5782431508308,20.9030551545044,22.253836916066
101.635622400168,97.2595876900216,-10.1230703521609,-16.9435584844409,22.7559408683009,22.9960484976722
101.224842576906,97.7477873217395,-10.1889155984856,-17.3307654017905,24.7993106013075,23.6734092512925
100.675486545076,98.246439909047,-10.2553647011436,-17.7208086888644,27.0033029567657,24.2551194851131
100.000928602111,98.7431054380796,-10.3231063172442,-18.0978542519423,29.3355425718723,24.7263837255039
99.2219680542581,99.2294084245559,-10.3944529761811,-18.4522228487907,31.7630383644508,25.0857962259997
98.3674041615407,99.7001340556302,-10.4719080474506,-18.7811726289355,34.2515130767272,25.3399566556772
97.4743253395209,100.151711360333,-10.5574948211888,-19.0871488860929,36.7643028734223,25.4988250629866
96.5854894441121,100.581402734741,-10.652404418792,-19.3740769844663,39.2602889022504,25.5725737920291
95.7445999392137,100.987177199829,-10.7555091828315,-19.6441466657642,41.6923672439227,25.5694134975383
94.9930142023402,101.36694510004,-10.8615214521087,-19.8965426096486,44.0081621646231,25.4944838653345
94.368999982668,101.717225643414,-10.9606961378605,-20.1276803232318,46.1540154386469,25.3497831391637
93.9064387295632,102.033126605883,-11.0406797536212,-20.3326968693681,48.0815838601196,25.1348879441032
93.6293732570706,102.310071361914,-11.0895695052584,-20.5077682546321,49.7535354058808,24.8483645631152
93.544704029612,102.545177125747,-11.0992341410231,-20.6515510581276,51.1456235728637,24.4893534388818
93.6398993432609,102.736907007614,-11.0681827230861,-20.7646528995254,52.2453607482957,24.0583264509961
93.8871393962172,102.884254848309,-11.0024961979343,-20.8482724852871,53.0496208305582,23.5566303296765
94.2501025174854,102.986561526762,-10.9138554954947,-20.9036370238837,53.5626131907972,22.9860026417012
94.6911205297492,103.043391675993,-10.8159448677579,-20.9324796784101,53.7934672447369,22.3496577097504
95.1771765193874,103.054412283584,-10.721327666396,-20.9375677803051,53.7531175769621,21.654190661462
95.6828234001183,103.020227567845,-10.6396059994127,-20.9221053372648,53.4516153978669,20.9102073766974
96.1893901452146,102.944007628819,-10.5764844069665,-20.8884841765257,52.8971954471108,20.131810948103
96.6819007676909,102.832507850494,-10.5335189641213,-20.8384680360108,52.0974534952876,19.3352099261723
97.1465166375599,102.696020409969,-10.5088639351481,-20.7751297671914,51.0614983973726,18.5359789483531
97.5708087870535,102.547870956048,-10.4986481776564,-20.704292198064,49.8019745231224,17.7473776183818
97.9462660790954,102.403695024554,-10.4978402247177,-20.6338296194937,48.3371364066646,16.9813489087831
98.2696964731193,102.279934267198,-10.5005339112718,-20.5714807011794,46.6927317766795,16.2492746239108
98.5419832177746,102.19122833342,-10.5007360511891,-20.5228762766333,44.90213183019,15.5605263444779
98.7659082196278,102.147733729396,-10.4938283130204,-20.490493204748,43.0039792226919,14.9211343813106
98.9448676585622,102.153685445004,-10.4774403566454,-20.4734446808217,41.0388311016879,14.3345994630293
99.0828198140934,102.207623554257,-10.450986874969,-20.4684504106391,39.046868009631,13.8036023484209
99.1843691906374,102.304039028354,-10.4145816111568,-20.4713614059932,37.0667790924434,13.3309122592677
99.2538572245766,102.435747841189,-10.3679254150886,-20.4781022616675,35.1341584451347,12.9196482532728
99.2936747721779,102.59636513118,-10.3095741071844,-20.485497016293,33.2786387105814,12.5739053942719
99.3028184288158,102.782110632017,-10.2372205372649,-20.492049118997,31.5210404644136,12.2996516441426
99.2763818878542,102.991967240303,-10.148501388183,-20.4976865733889,29.8724232805047,12.104689567132
99.2059423766059,103.226353375286,-10.0417812283616,-20.502590443182,28.3359840412982,11.9972055659817
99.0802879154674,103.485550315081,-9.91737816313904,-20.5060861013889,26.9106432975847,11.9837792434854
98.8862521286672,103.768775045828,-9.77854267254335,-20.5064323454415,25.5935921211749,12.0681698344327
98.6105156048722,104.07362566492,-9.6307338128462,-20.5014363300302,24.380821219729,12.2511837164483
98.243165695575,104.395418023778,-9.47962496336785,-20.4890490544596,23.2669829209923,12.5301685283146
97.782369177956,104.726985821913,-9.32967368956081,-20.4677882092353,22.2465566064747,12.8968301924388
97.2389736239561,105.059119730043,-9.18432322410519,-20.4372328267535,21.3168704985777,13.3342286496053
96.6400810887528,105.380887659726,-9.04713238794559,-20.3986689975083,20.4802052059456,13.8149358178018
96.0293053941678,105.679969003899,-8.92235232313622,-20.3557772873949,19.743131520663,14.302026525882
