P_Ankle_Flex_Ext,NP_Ankle_Flex_Ext,P_Ankle_Abd_Add,NP_Ankle_Abd_Add,P_Knee_Flex_Ext,NP_Knee_Flex_Ext
95.8518443381469,111.180779982448,-5.84865502254069,-8.23726998011095,22.71954053493,20.6517969971436
95.3553460754157,111.78910348442,-6.13485194396625,-8.21112700215093,23.1659467934943,22.1144065123758
94.9524160000824,112.374511035361,-6.54340387724783,-8.17648931561685,23.6615066899212,23.6824623842525
94.6992544686818,112.906414058895,-7.1268664114862,-8.13123354886632,24.2219563017849,25.3894910190163
94.6294260068884,113.351974571875,-7.89393341115889,-8.07489657462395,24.8427662938956,27.2670171022135
94.7515336632904,113.67609451536,-8.80594040577403,-8.00901579958198,25.5001332849582,29.3394652759822
95.0522586177351,113.842687523087,-9.78648116146579,-7.93698544408953,26.1583021988189,31.6198270149009
95.5022465440975,113.816746783213,-10.7402318065078,-7.86400707122318,26.7784857778228,34.1070440265414
96.0624258735082,113.56588231522,-11.5750200566329,-7.79674952086797,27.3254880205334,36.785847370256
96.6899523225609,113.06225268999,-12.2215493488719,-7.74150448620893,27.7714978207354,39.6283525301543
97.3440420044723,112.28753144977,-12.6466448978674,-7.70103474471581,28.0990046276219,42.5962680877235
97.9912233496166,111.240076652879,-12.8568728450966,-7.67232444780117,28.3033717445226,45.6427473413556
98.6083372444707,109.940616495709,-12.891863034308,-7.64733267603319,28.3930636780096,48.7136185214037
99.1819227990985,108.434608578733,-12.8099423110305,-7.61642412373237,28.3861514303857,51.7489304944751
99.7057109586154,106.791143251701,-12.6709498262827,-7.57257117333353,28.3046392283099,54.6859394585135
100.178468310009,105.099461248582,-12.5217547500159,-7.51463777347255,28.1693565684789,57.4635314689804
100.602081655412,103.462967551869,-12.3883230181758,-7.44765529822302,27.9967997308655,60.0272807465096
100.979864904035,101.987505530793,-12.2755722290549,-7.37918213735738,27.7978807725979,62.3334431450924
101.315698857259,100.7651279592,-12.1737997798364,-7.31559361052813,27.578090132882,64.3492797761019
101.61376405216,99.8607951715571,-12.0679599447072,-7.26268997761667,27.3384947098416,66.0502538883122
101.877748341472,99.3055503268292,-11.9456228050356,-7.22850308250662,27.0771091239456,67.4181237442836
102.108982450273,99.0953483472555,-11.8014029055573,-7.22408749021876,26.7905269753088,68.4409740024159
102.305733721438,99.1958290876992,-11.6371778029133,-7.26180128416757,26.4757370651912,69.1131547310019
102.465526874791,99.5511884082665,-11.4589776448179,-7.35104298561554,26.1315062840462,69.4346632135128
102.588098580058,100.091812997321,-11.2732854277595,-7.49172474201104,25.7587226802432,69.4105300914656
102.677026844556,100.738599052614,-11.0851378005673,-7.66917179473387,25.3601046034419,69.0502635680446
102.740385685561,101.407617478748,-10.8983579950438,-7.85516814376827,24.9400834329547,68.3672934462541
102.789839702542,102.018108602378,-10.7168825090118,-8.01625102730805,24.5047718556358,67.3783387240001
102.838374760242,102.502209586275,-10.5459497205166,-8.12480339404269,24.0613865755087,66.1022650110027
102.89817452084,102.813884137062,-10.3919872197864,-8.16644941755941,23.6173579332957,64.5578463430374
102.979130062615,102.936030679004,-10.2610173760773,-8.14088189845861,23.1799235046887,62.761261238496
103.088045631217,102.883934562554,-10.15697345614,-8.05792019513828,22.7561178178492,60.7254141424146
103.228412477498,102.700604854615,-10.0808757308081,-7.93227905177885,22.3526230819459,58.4619638303642
103.400181140588,102.442138833181,-10.030844367458,-7.7792425237498,21.9754678472435,55.985217623276
103.600002914696,102.160808419036,-10.0028209426096,-7.61146060202087,21.629844267528,53.3165013852353
103.822721538083,101.895884442151,-9.99134895699635,-7.43666214596412,21.3202524201424,50.4873091770022
104.063600519127,101.67251672798,-9.99021524812851,-7.25644242697823,21.0507065894737,47.5397728328846
104.32008038513,101.502636788992,-9.99342878756738,-7.06663923758434,20.8246677191665,44.5245462902531
104.592394366953,101.384661206581,-9.99606488820275,-6.85949086209364,20.6449799899146,41.4975672530549
104.883396813919,101.302803984723,-9.99448119290713,-6.62654139635547,20.5140794716371,38.5171954149157
105.197914661837,101.228140794456,-9.98649479309846,-6.3617064908319,20.4344707030878,35.6420667311797
105.541703810065,101.123612481877,-9.97156839765908,-6.06440146731188,20.4094771439538,32.929226934228
105.920550460888,100.952802071446,-9.95045532621231,-5.74138817773538,20.443975725203,30.4326551012288
106.339720498883,100.688506852519,-9.92468300875832,-5.40623932923071,20.5445481059988,28.2016521931368
106.803385666689,100.318465913395,-9.89606981118895,-5.07743027615749,20.7188023617854,26.2778938548569
107.313680107183,99.8493442064674,-9.86587588706233,-4.77722176592191,20.9746004868235,24.6922363003408
107.869442430219,99.3088183346589,-9.8342819751478,-4.53212129079326,21.3202576769128,23.4630523133158
108.465192907862,98.743126511296,-9.80074547417057,-4.37345974471634,21.7653521825206,22.5948688044779
109.090742241804,98.208460237781,-9.76437133719238,-4.33565902833044,22.3213997596343,22.0761554298013
109.731053444831,97.7582429939351,-9.72370364290799,-4.45071368200729,23.0027086808998,21.878538668645
110.365864897063,97.4319872855596,-9.67625089594934,-4.74010842536729,23.8270753681038,21.9593461839567
110.969714083384,97.2508459239549,-9.6181293517971,-5.20703758138883,24.8152105478384,22.2657659393173
111.513190505228,97.2198252125806,-9.54398375148241,-5.8311087715633,25.9886060844019,22.7389983857915
111.965074815844,97.3323170789578,-9.44753056781941,-6.56789175447804,27.3665638812253,23.3190479297373
112.294643198084,97.5734157450315,-9.32324684566149,-7.35577029506544,28.963419485679,23.949056683167
112.473590793741,97.9221747944195,-9.16899304920147,-8.12852522016095,30.7862037298837,24.5774465016491
112.47725348624,98.3541718090832,-8.98833964859914,-8.8280973188145,32.8326825463757,25.1593328303934
112.28526906046,98.8439324629508,-8.79119693532683,-9.41363391753631,35.0901147882861,25.658562935886
111.882692319373,99.3664410617748,-8.59231230761403,-9.86617208790007,37.5347510929919,26.0496887102697
111.262798030376,99.8986575438498,-8.40861832086481,-10.1887169165282,40.1324008094389,26.3196828661336
110.430576140879,100.42161147058,-8.25683187805192,-10.4011233181373,42.8405777820267,26.4689543955872
109.404751768549,100.921593384892,-8.1516969240174,-10.5310030045838,45.6114681073273,26.5099756541008
108.217650184031,101.389579158344,-8.10428343865311,-10.6045549957412,48.3946366705812,26.4633838969174
106.912531990662,101.820528138957,-8.12032766345042,-10.6409301598909,51.1391436713646,26.3532037685751
105.53929351977,102.21328935346,-8.19926649553543,-10.6508853249011,53.795217417928,26.202201421349
104.151444156095,102.569591165571,-8.33379457097928,-10.6383508467342,56.3158892603834,26.0280175380748
102.804664595515,102.892039215725,-8.50966835289416,-10.6030706664405,58.6587326478469,25.8411419569807
101.554606504471,103.18246653869,-8.70664347762207,-10.5433895059975,60.787703247117,25.6453046902439
100.453171808956,103.440928815966,-8.90142245959333,-10.4586020997655,62.6754076801937,25.4393426804229
99.5438958802238,103.66552948931,-9.07180453594047,-10.3496092725633,64.3051695244488,25.2188908460439
98.8569036194101,103.853103410124,-9.20001772261502,-10.2181161124437,65.6708553924032,24.9775777984481
98.4039911566465,104.000156126759,-9.27434085515098,-10.0657548344009,66.7739510275938,24.7085225984423
98.17546116834,104.104192950113,-9.28952101768614,-9.89332013711753,67.6192442176774,24.4060131506731
98.1414755886992,104.165730513844,-9.24636630027928,-9.70070386094345,68.2102215755538,24.0664187904511
98.2589167771531,104.190092587087,-9.15072683626024,-9.48831148105758,68.5466617782142,23.6883621013084
98.4807376431786,104.187319180808,-9.01202767908466,-9.25923406680964,68.6267387544237,23.2729219623723
98.7633990464699,104.170329095794,-8.84145219063296,-9.02076655687925,68.4511601885014,22.8239864410336
99.0706268147629,104.153615501761,-8.65040678457784,-8.78412391753006,68.0252834040737,22.3484605190856
99.3747963513576,104.152736413778,-8.44997823019456,-8.56259871684573,67.3584147176213,21.8561214868265
99.6575428872098,104.182666524068,-8.25106479265732,-8.36918576391709,66.4615512501341,21.3586598208169
99.909771808339,104.25525220427,-8.0642628029271,-8.21423865930596,65.3448891181267,20.8677715418336
100.130680868081,104.377773856326,-7.89934060102673,-8.10411658324904,64.0164309109264,20.3934095810104
100.325515389739,104.552501739143,-7.76459601223999,-8.04090552780219,62.4824223409613,19.9432816882335
100.502117456831,104.776264123895,-7.66589201377979,-8.02234229951951,60.748860282598,19.5233121217501
100.667387535941,105.040399811666,-7.60531743149737,-8.04249042288177,58.822944742597,19.1383028170199
100.824426770973,105.331661254571,-7.58000291808857,-8.09307736590776,56.7143376529871,18.7924860157159
100.970333635818,105.635164122222,-7.5819308406274,-8.16441987014832,54.4367795180059,18.489958686111
101.096416573196,105.939254551041,-7.59974792294346,-8.24646262240315,52.0099588351006,18.2350176943344
101.191562255093,106.239084057956,-7.62191582786727,-8.33006729773427,49.4604598541893,18.0324543327645
101.245591092121,106.536987879485,-7.638698367549,-8.40759308539737,46.8211728539186,17.8878615992294
101.250255630933,106.840536152139,-7.6422446757033,-8.4727980943866,44.1297123515202,17.8078406823942
101.198121654829,107.159271995757,-7.62614141660229,-8.52081937556944,41.4266299340433,17.7998191233201
101.079651422208,107.501482449569,-7.58506911232998,-8.5486698940522,38.7539633492762,17.8713504153507
100.879787739079,107.872163564915,-7.51435521643545,-8.55562356860261,36.1537784240815,18.0290017669334
100.577210198609,108.272548334951,-7.40944150341984,-8.54277727831157,33.6658470784369,18.2768050378406
100.148498489176,108.701030887811,-7.26557756090999,-8.51258604188319,31.3250007846716,18.614434677488
99.5763475937704,109.153907339542,-7.07823103233183,-8.46892864960654,29.1594988025009,19.0355724918854
98.8588619642822,109.624804710855,-6.84481944686495,-8.41672723908976,27.1902374308598,19.5266867580586
98.016620600639,110.103463364104,-6.56811351393873,-8.36080296242668,25.4303757892845,20.0664924761884
97.0950413341699,110.574723995486,-6.26014231484114,-8.305095107376,23.8862690562814,20.6264427483573
96.1607173638395,111.018803592402,-5.94363020588344,-8.25278862444274,22.5602901869999,21.1724513870393
