P_Ankle_Flex_Ext,NP_Ankle_Flex_Ext,P_Ankle_Abd_Add,NP_Ankle_Abd_Add,P_Knee_Flex_Ext,NP_Knee_Flex_Ext
91.1818496563054,101.963197858206,-8.82140809493071,-9.4150239885231,4.96459425739679,15.8498500345706
89.7360047576475,102.273861764444,-8.83120000582418,-9.12225835457528,4.90623273090257,16.2448639748304
88.3485434863642,102.558499577979,-8.86395527051493,-8.8346664768725,4.90584291036485,16.6516218810316
87.0832603696836,102.794513883172,-8.9316014398,-8.5566094223582,4.98938993135692,17.0763408937061
85.9998852394402,102.960861198114,-9.03405074464876,-8.28831535583289,5.17877282346799,17.5273716058042
85.1418378238894,103.038928099143,-9.16120078886417,-8.02464913147876,5.47801714245064,18.0151345265546
84.5295977283087,103.013549233273,-9.29674814018639,-7.7550975890985,5.86473215577682,18.5528075205771
84.1615837912454,102.873678159973,-9.42358518077617,-7.46419302035183,6.29211516629225,19.157235814858
84.0191772099153,102.612037782874,-9.53048589123022,-7.13273730216329,6.70021368820138,19.8492746517127
84.0726681895286,102.224174650956,-9.61729673963545,-6.74050984481211,7.03221345501778,20.6529122488895
84.2871098132103,101.707485825348,-9.6954567027737,-6.27045855751133,7.24908634346068,21.5941421879016
84.6275846493336,101.060362561348,-9.78302804206706,-5.71262179939282,7.33650337995292,22.7016792770496
85.0623938161294,100.281504972506,-9.89723704832206,-5.06645140547533,7.30244678399283,24.0081506810275
85.5632533838435,99.3697584005518,-10.0487978383506,-4.34255801525615,7.16888017223334,25.5477199619355
86.1040187633892,98.3253039543807,-10.2405017149415,-3.56293781687393,6.96285308477726,27.3504080608457
86.6604789866734,97.1518331641243,-10.4696805591165,-2.75738267813123,6.71054709727066,29.4367774814287
87.2116142446032,95.857967487076,-10.7315452760879,-1.95780965951141,6.4347310488717,31.8143885432916
87.7412627017391,94.4579077846156,-11.0204582799356,-1.1943603482191,6.15408446648918,34.4756604997091
88.23959637239,92.9732703853304,-11.3279178555705,-0.494355627794666,5.88271300703798,37.3966720121262
88.7034689204454,91.4374257873863,-11.6392093913933,0.117389360569468,5.62997856467087,40.5363456663928
89.1345253926153,89.9011913945919,-11.9334569076408,0.618107724551002,5.40125586374903,43.8358356507008
89.5357753240587,88.4361255815076,-12.1883880332868,0.987176962929297,5.19864734667277,47.2187418181568
89.9089793922068,87.1320743997317,-12.3863002418676,1.20752093783263,5.02083340728506,50.5929773784362
90.2542732848959,86.0883981024738,-12.5178942490639,1.26821125296527,4.86322174680411,53.8540576340726
90.5712844246376,85.399287945637,-12.5830586486017,1.16806725356355,4.71945682655585,56.8907122607362
90.8602853228878,85.1350834837704,-12.5893319663485,0.920104898446338,4.58361469693354,59.5951642909094
91.1229072128203,85.3256757817347,-12.5487728959305,0.553612002384394,4.45207984947502,61.875300236885
91.3626401165568,85.9521666171481,-12.4747314315235,0.108696049940409,4.32449583034005,63.6613110051427
91.5849906174974,86.9489214937531,-12.380299276847,-0.375698956853893,4.20364427224535,64.9054485960975
91.7971301678328,88.2153360489646,-12.2777750960997,-0.871801022048543,4.09460996101431,65.5791964219767
92.0073270676525,89.6334727641036,-12.1780901745247,-1.3650247216085,4.0032690019872,65.668854348576
92.2243830578707,91.0861854933638,-12.0903057693245,-1.84978305440997,3.93429290817921,65.1715722390143
92.45702781496,92.4717936504327,-12.0211891486021,-2.3240163599279,3.88956163899719,64.0962271386672
92.7126013552362,93.7125160916586,-11.9748466983664,-2.78552794316505,3.86720279330603,62.4672119734286
92.994247278755,94.7568480191804,-11.9524226595072,-3.23056868674727,3.86113788111407,60.3262344240484
93.2980987829637,95.5797376499995,-11.9522717840561,-3.65372255824124,3.86192221406986,57.7306764402725
93.6132403971364,96.1824341186427,-11.9704584053199,-4.04752507321908,3.85893007295986,54.7496058577843
93.9250757635517,96.5891661305257,-12.0006013166952,-4.40098826119853,3.84262612518617,51.4598528382765
94.2206149144876,96.8390415670067,-12.0341435568278,-4.69867263693514,3.8061345482139,47.9442463156833
94.4932183406717,96.97640701155,-12.0627207023766,-4.92303980672979,3.74608489341458,44.2917451607608
94.7442163714456,97.0427764325012,-12.0808072568654,-5.0596597779653,3.66297954534147,40.5966844397281
94.9808523052893,97.070769559332,-12.0858487987946,-5.10159098896083,3.56112121378926,36.9554941605393
95.2124634418639,97.0810760030248,-12.0766372488689,-5.05164097633484,3.44802595262678,33.4618512269324
95.4474791374953,97.0829423602037,-12.0523077670925,-4.9231689634558,3.33367763302291,30.2010896736836
95.6922593653053,97.0752432290247,-12.0120374938057,-4.73734167601973,3.2295791527126,27.2445718537923
95.9505700153999,97.0460437082185,-11.9541790119128,-4.51684051583291,3.14727379463141,24.6446902247586
96.222916113914,96.972872411221,-11.8751476955513,-4.28155515663754,3.096998387563,22.4311762142127
96.5064194972607,96.825819190472,-11.7698297642755,-4.04878757759895,3.08726673815015,20.6104448765896
96.7952111311416,96.5718726555725,-11.6334835618329,-3.8347518963796,3.12517257854683,19.1680270876849
97.0807011366245,96.1782564424444,-11.4628051207652,-3.65543120979681,3.21685485390164,18.0722753258815
97.3516709933534,95.616454557409,-11.2557642221791,-3.52763163502932,3.36782062618551,17.2797102705694
97.5947202971631,94.8701791851416,-11.011967592223,-3.47046025820124,3.58301680359691,16.7424330202754
97.7956268745234,93.945802004165,-10.7331416260576,-3.5051986575813,3.86660051296517,16.415571042653
97.9409221029527,92.8803684973654,-10.4224412524323,-3.64999482746757,4.22145045927608,16.2632469132144
98.0189147817759,91.7427844025815,-10.0833552274915,-3.90937574453512,4.64888781169006,16.2611962959135
98.0209680160577,90.6245175022157,-9.7190385235194,-4.26639393093534,5.1490219743699,16.3935108482062
97.9431088799697,89.6210872295534,-9.33196845806487,-4.68523399543686,5.72144087247908,16.6449305997802
97.786714022639,88.8117776251186,-8.92363119577507,-5.12203706216099,6.36595282752134,16.9934516220118
97.5576447054371,88.2446483096343,-8.49421304344816,-5.53655981628274,7.08380247573639,17.4070249035793
97.2637059971071,87.9313259832672,-8.04293883652548,-5.90127642726211,7.88008509022508,17.8456428652902
96.9113067690506,87.8529480623334,-7.5693448809129,-6.20684120382066,8.76694625553748,18.2676197804714
96.5032134171309,87.9723154855048,-7.07481512712602,-6.46167065230137,9.7657218967069,18.6371798106811
96.0379412770149,88.2450303996167,-6.56337196684589,-6.68543048625046,10.9072426358584,18.9301857973903
95.5099576025749,88.6272176372317,-6.0415589371945,-6.90019381977218,12.2310067133956,19.1357976829629
94.9102383623287,89.0804535076709,-5.5180473614784,-7.12324688627069,13.7828453960091,19.2538307591511
94.2276909132363,89.5739734421848,-5.00321172299478,-7.36332862340849,15.6100677917222,19.2895103454853
93.4523773524706,90.0849765111292,-4.50918085816149,-7.62022885680627,17.7545016936469,19.2483263012392
92.5801832069082,90.5978880617367,-4.0507916296788,-7.88670898131703,20.2454414123525,19.1336712737946
91.6172789245422,91.1023242121895,-3.64665526876133,-8.15264910640917,23.094919830536,18.9480659887747
90.5841154795054,91.5907537725362,-3.31948759611476,-8.41053926442275,26.2952571134144,18.6960608859098
89.519684266369,92.0574928615515,-3.09500895429589,-8.65832639415629,29.8159383309131,18.3866427237905
88.4835172913653,92.4986487746349,-2.99855193645266,-8.8970425090578,33.5992685895493,18.0344305553178
87.5509794596524,92.9120219651791,-3.04969497007044,-9.12645879377622,37.5576806180256,17.6592818349102
86.8023678616935,93.2969273076243,-3.25669684400803,-9.34355356815963,41.5739804957951,17.2840408445607
86.310859086373,93.6538494755771,-3.61244865687117,-9.54379263268684,45.5053338666507,16.9310103614421
86.1321278088871,93.9839726863992,-4.09288457912353,-9.72223302987847,49.1939771848876,16.6182824291255
86.294810694156,94.2891156596073,-4.65920753372161,-9.87412894291975,52.484252182767,16.3569356373074
86.792014050861,94.571788459372,-5.2654182024496,-9.99640768094736,55.2394877603615,16.1495530498247
87.5790115800882,94.8348252370656,-5.86944097986951,-10.0892515672698,57.3536511074067,15.9903014608263
88.582121518672,95.0809422434061,-6.44222577932305,-10.1569194206858,58.7565236434315,15.8671957406981
89.7144243453481,95.3129308643347,-6.97001133128199,-10.2079575970552,59.4114032883728,15.7662206612964
90.8884126473062,95.5350865947494,-7.45023174476209,-10.2532531931626,59.3086430201063,15.6750657919477
92.0227440680351,95.7547762000016,-7.88547390432801,-10.3020171562179,58.4626294915854,15.5850234526958
93.0474372664244,95.9821404013222,-8.27896150814665,-10.3597077020108,56.9124706073539,15.4917169286403
93.9086585650605,96.2281747946223,-8.63184013795322,-10.4289224812931,54.7192466823298,15.39507970249
94.5705989896073,96.501828001177,-8.94163408296255,-10.5100160000417,51.958235536213,15.2983469373582
95.0142493791285,96.8063912652641,-9.20276271167473,-10.6003385734307,48.7106441532922,15.2064469971628
95.2346403055776,97.1376367186125,-9.40933932962481,-10.6934723770789,45.0574892499321,15.124521551514
95.2390289528309,97.4858206805709,-9.55820297685006,-10.7795104733222,41.0772329002173,15.0569823643937
95.0481283266088,97.8403541351546,-9.6504101701448,-10.8472059883917,36.8506871877545,15.0070395840456
94.6973653430561,98.1940403349945,-9.69125122118338,-10.8875880845336,32.4724278368833,14.9766157853266
94.2339419634807,98.5443846295831,-9.6898247388817,-10.8964086533801,28.0585157659562,14.9668260051444
93.7108042709705,98.8920652775755,-9.65845814700559,-10.8734652096791,23.7420340363879,14.9787159348119
93.1800961213713,99.2386954858478,-9.61129967014448,-10.8205627101518,19.6594978940975,15.0135710362157
92.6868334235903,99.5852807776617,-9.56167189295885,-10.7408174284701,15.934926324923,15.0726800570131
92.264314873781,99.9314743574722,-9.51840606368573,-10.638733151768,12.6656624153142,15.1568009719721
91.9325368591019,100.275666014875,-9.48297609372648,-10.5194488486337,9.91234337623742,15.2654154410147
91.6983852264288,100.615147781666,-9.45042897090806,-10.3879457645161,7.69360489707579,15.3959082453264
91.5566731058568,100.945391260977,-9.41425773440315,-10.2493610459352,5.98557935164932,15.5430066286509
91.4923840730886,101.259349510332,-9.37150302335352,-10.109784552962,4.72697485491267,15.6987120618232
91.4841290641891,101.547748907581,-9.32490109715997,-9.97657586785047,3.83056034555749,15.8527960670035
