P_Ankle_Flex_Ext,NP_Ankle_Flex_Ext,P_Ankle_Abd_Add,NP_Ankle_Abd_Add,P_Knee_Flex_Ext,NP_Knee_Flex_Ext
86.7617928835374,97.5092734893802,-1.35845473696534,-18.6599126562848,1.53680507550495,2.08181788205166
85.5078939577695,97.7648254459421,-2.08890326993841,-18.5942881783933,2.90265946055274,3.48904620127887
84.3692051751773,97.9922790873401,-2.95907350867263,-18.4999935085827,4.35725392040334,4.99235499789746
83.4280221244099,98.1628904701424,-4.01871834554643,-18.3672696988173,5.90547689066066,6.62422625652767
82.7565651778241,98.2455583967984,-5.2578331885392,-18.190764003755,7.55022910588559,8.41429740421355
82.4013977804794,98.2083596003611,-6.60946772556916,-17.9709648993553,9.28272281015001,10.3892017381779
82.3718761870943,98.0189802326744,-7.97021533209903,-17.715016655847,11.0723392353827,12.5710734137916
82.6404786404995,97.6457394959789,-9.22608022173809,-17.436989832465,12.8621365624674,14.9751757813395
83.1537815593856,97.0609315706305,-10.276432738344,-17.1565070774014,14.5771132171228,17.6097638623587
83.8465502263915,96.2452266689072,-11.0536331630219,-16.8954093199182,16.143294963199,20.4768885896861
84.6522258899615,95.1906667262567,-11.534749796041,-16.6742724347875,17.5036640369235,23.571057706831
85.5095314028801,93.9006390990202,-11.742861144773,-16.5105111957248,18.6232698059172,26.8761834757909
86.3676584406408,92.3873708584949,-11.7392510283809,-16.4174179691118,19.4892120618881,30.3651953039765
87.1900000051497,90.6704911545771,-11.6071336540031,-16.4025515197547,20.109882843889,34.0022962608346
87.9553744459431,88.7804896479218,-11.4291012082647,-16.4658332475243,20.5117036254445,37.7408089425031
88.6562169579327,86.7656856190175,-11.2664075100098,-16.5990089806275,20.7327124684459,41.517615996171
89.2938539913984,84.6960918243135,-11.1477860572883,-16.7869575039115,20.8150019130246,45.2549484810821
89.8731466967079,82.6611766180702,-11.0698027284936,-17.0101246649292,20.7981280425071,48.8702226625512
90.3993147903285,80.7638454763378,-11.0073446796015,-17.2470218580389,20.714685475285,52.2845388188363
90.8771695035691,79.1111229055874,-10.9299841127712,-17.4762325982688,20.5879910678655,55.4267409004676
91.3115990743983,77.8000674310664,-10.8171070473041,-17.6784666383899,20.4313792349311,58.2354356424713
91.7081446364818,76.8996387014992,-10.6652475383069,-17.8389775141347,20.2487044631935,60.6606184359816
92.0723990973077,76.434535996332,-10.4857126450324,-17.9498404116666,20.0360358348916,62.6657602572788
92.4087205626109,76.3800563355744,-10.296780056045,-18.0115124306225,19.7849386108256,64.2292347308892
92.7200504156556,76.670422034014,-10.1160581481569,-18.0328347404412,19.4863810548933,65.3429889563934
93.0085220759912,77.216179620359,-9.95488014734407,-18.0287325928037,19.1333395689209,66.0080051374599
93.2753915909639,77.9259214274974,-9.81535467428123,-18.0159154595689,18.721795404391,66.2284265232106
93.5204053037275,78.7242835420565,-9.69103204749768,-18.007929707947,18.2512029358418,66.0070038626323
93.741953190032,79.5580571670452,-9.57019067460287,-18.011455322635,17.7248860192764,65.3433341089582
93.9383504772035,80.3918918005339,-9.44049021615541,-18.025547320932,17.1500884677334,64.2352292934907
94.1091277662685,81.2007488618302,-9.29432977297898,-18.0444858259964,16.5374798699303,62.6819837327933
94.2560901102451,81.9647128970485,-9.13178236451893,-18.0625318140786,15.8995297243142,60.6863926916558
94.3840405919004,82.6679611057228,-8.9587723443784,-18.0773229539429,15.2478177569407,58.2529859582376
94.4998952779088,83.2996474076111,-8.78308205480858,-18.0904139280475,14.590893320467,55.3840074249661
94.610079952434,83.8541099641283,-8.61127752059803,-18.1056091599442,13.9335827725044,52.0790416419841
94.7183341896183,84.3295138735534,-8.44731759766549,-18.1264357621214,13.2778594563655,48.3416032926965
94.8259315670887,84.7256237081277,-8.29292306617611,-18.1539648941036,12.6252972545367,44.1887997516805
94.9335544400695,85.042332472854,-8.14895913318654,-18.1852786771474,11.9797572400368,39.6594978958511
95.0427701365597,85.2799715976441,-8.01673824041083,-18.2125085709196,11.3488740895468,34.8192769635349
95.1564419598244,85.4415155564575,-7.89872289386777,-18.222704215619,10.7439898008883,29.7629866840584
95.278556252117,85.5352210634142,-7.79819438111866,-18.199071127189,10.1785052691109,24.6168914138987
95.413963381493,85.5752930381502,-7.71799299405962,-18.1235475940839,9.66573538068225,19.5366380904805
95.5682638103079,85.5794846706839,-7.65903153280179,-17.9800598885273,9.21754939150095,14.6973901314152
95.7479557565156,85.5644160787284,-7.61943370073379,-17.757945682314,8.84345116847455,10.2784108667687
95.9601305132463,85.5404612192142,-7.59521761727029,-17.4548432499923,8.55041565016228,6.44200224604999
96.211071341469,85.5073237934396,-7.5817961662108,-17.07938420318,8.3446834107818,3.31079787493177
96.5047382093573,85.4514147160384,-7.57441450306524,-16.6544694535811,8.23442816562279,0.954842931445611
96.841732688,85.348035067629,-7.56731601794588,-16.2181870332682,8.23134151158208,-0.609597664851951
97.21818913381,85.1697881056848,-7.55269494361259,-15.8193640389037,8.35106545638121,-1.41607101958665
97.6253063463252,84.8986033153234,-7.52043599086216,-15.5115072301596,8.61320549220379,-1.54008554723457
98.0503610892748,84.5372636098795,-7.45901434082953,-15.3499014956539,9.04074155221436,-1.08677140115979
98.4775770930378,84.1156843405132,-7.35701387055037,-15.3890564348541,9.65805642896367,-0.175775277172549
98.8874437370967,83.6889549492966,-7.20484068960235,-15.6746964276298,10.4877898797639,1.0756040773276
99.255697887042,83.3285831828768,-6.99632958410251,-16.2303552051784,11.5483766108023,2.56650989088409
99.5532289816638,83.1088969000776,-6.72940652876982,-17.0443934966054,12.8540120602239,4.21632389293831
99.7469147807701,83.0909726763467,-6.40550021717349,-18.0651517526513,14.4161440584657,5.95800122421834
99.8009500440807,83.3090190025921,-6.02864002016257,-19.2094890875404,16.2443580369835,7.72831190364895
99.6781710998913,83.7630618190233,-5.6051466840731,-20.3805268881111,18.3456905219692,9.46097232577284
99.341893283405,84.4198142141756,-5.14397391160896,-21.4842406085511,20.7216359368201,11.085130104632
98.7593474461743,85.2218551809597,-4.65778590629546,-22.4412055831949,23.363954225167,12.5302099898362
97.9064462547143,86.102146846866,-4.1645917895059,-23.1962143790462,26.2533655132062,13.7361285753548
96.7729595049409,86.9982380547338,-3.68818802698183,-23.7252220330476,29.3618297529334,14.6646107116231
95.3674886144579,87.861056307938,-3.25588263607504,-24.0361603847866,32.6536492902046,15.3054291622217
93.7201699769242,88.6580619894294,-2.89462322983625,-24.16206316562,36.0838220311178,15.6751890382646
91.8814721087559,89.3730173277693,-2.62740977772774,-24.1485739375924,39.5983503567546,15.8111304163993
89.9188082362706,90.0032826479441,-2.47034721403902,-24.0413586279603,43.1388645943619,15.762292880753
87.9126483771322,90.5555750386557,-2.430358115347,-23.8775166573459,46.646979411084,15.5801271217475
85.9523415998038,91.0413465369345,-2.50422999340475,-23.6815372893641,50.0639927034397,15.3109996141538
84.1313760399166,91.4725085777972,-2.67913907727483,-23.4658048968558,53.3274450423739,14.9911428694594
82.5403142074938,91.8584484907461,-2.93438824253459,-23.2347440919691,56.370252058973,14.6436870256494
81.2562816888409,92.2050975599242,-3.24454394348993,-22.990123188307,59.1276178188889,14.2782015769105
80.3307779011379,92.5156661547132,-3.58310404088567,-22.7349995243715,61.5479318011585,13.8930743483679
79.7796394059565,92.7917098859487,-3.9250466731858,-22.4747696310115,63.5968858861126,13.4797756748396
79.580008590409,93.0337137864067,-4.24860595054571,-22.2156774921328,65.2524303434406,13.0271451655604
79.6776755550416,93.2416132490525,-4.53729604322364,-21.9625663013705,66.4983418861743,12.5247231177049
80.0028242212456,93.415752045568,-4.78107361727361,-21.7173942662174,67.3212524667789,11.9653376116353
80.4866893282111,93.5577080388317,-4.97578809001654,-21.4790655743512,67.7089870854259,11.3470554493685
81.0721015806848,93.6703651574007,-5.12253468505511,-21.2445858443588,67.6492647738164,10.6739890647976
81.716506383903,93.7577431134272,-5.22817273490031,-21.0114373002745,67.1307035214881,9.9551848055642
82.3896996810511,93.8249408973407,-5.30601128096336,-20.7800097375954,66.1446636512905,9.20213921323942
83.0695268760813,93.8777532524927,-5.37565429838429,-20.5540115857463,64.6851260252623,8.42710261098359
83.7388021963924,93.9219433013885,-5.46222867935507,-20.3386959342882,62.7477731161903,7.64326399357904
84.3842621870168,93.9627246892292,-5.59424610267193,-20.1387883093098,60.3300909445519,6.86547446112271
84.9963260205723,94.0048879791217,-5.79846286835508,-19.9570889532657,57.4335070514482,6.10929383695238
85.5685135427612,94.0533610865644,-6.09228668541271,-19.7936786866162,54.0689473284753,5.38789901598137
86.0955857845118,94.1132643879221,-6.47643821849039,-19.6462796432947,50.2621484428245,4.70919086511757
86.5705261391355,94.1891965173505,-6.93084891505929,-19.5118851000516,46.0540782050876,4.07589081525544
86.9828958088785,94.2846638927991,-7.41658632323465,-19.3880322438037,41.5002558531763,3.48848462940991
87.3218958999259,94.4020865770403,-7.8839552359177,-19.272695788224,36.674472566903,2.94816618341049
87.5826668906223,94.5429396775026,-8.28251186781996,-19.1640786213,31.6762072230672,2.45840902826245
87.7697744392194,94.7076884625789,-8.5684205570517,-19.0611680552595,26.6365222774828,2.02600016448857
87.8951636538119,94.8957278637361,-8.70767808731212,-18.9642861223669,21.7145907497172,1.66126360720218
87.9725276071723,95.1057647190986,-8.6758245127396,-18.8750514725799,17.0802358857103,1.37662342648475
88.0109881855365,95.3364150072226,-8.45561661706989,-18.7958145224772,12.8900967770677,1.18433243001268
88.0106345803531,95.5862391471138,-8.03476804594596,-18.7288901343013,9.27032793793903,1.09475208624804
87.9612973992408,95.8531697625701,-7.40587753231046,-18.6758068316319,6.30663257951535,1.11509124953377
87.8452699722153,96.1340320529193,-6.56947987023858,-18.6366604460813,4.03458032071394,1.24699377617996
87.6449621648298,96.4240453547848,-5.54023350390629,-18.6098939985225,2.43319194998269,1.48257179401101
87.3546408921717,96.715962708588,-4.3551167182402,-18.5927054735391,1.42933241278555,1.80161650784491
86.9900895411216,96.9999045609962,-3.07899858777744,-18.5820332029479,0.90987090752116,2.17317338692291
86.5885929918121,97.2645404150983,-1.80138360100903,-18.5756589243298,0.736209881449394,2.56093185840102
