P_Ankle_Flex_Ext,NP_Ankle_Flex_Ext,P_Ankle_Abd_Add,NP_Ankle_Abd_Add,P_Knee_Flex_Ext,NP_Knee_Flex_Ext
86.6107394578039,109.295732484391,-12.4121605017663,0.563411985632058,11.2706767241272,16.6970124788675
86.4023367913575,109.53687532324,-12.9134987360779,1.03297461683393,11.7680516077088,18.840198375462
86.2479118249996,109.68972618007,-13.4087788042442,1.54746347782869,12.2795369319848,21.092075996926
86.1782342633983,109.693240908404,-13.8829365216044,2.12163775527268,12.8010432957866,23.469775829227
86.2166104890015,109.484936133219,-14.3275322882345,2.77132212973444,13.3263094462977,25.9837566863155
86.3761542917823,109.004679859822,-14.7412503107673,3.51016290802182,13.8442183646651,28.6318147928861
86.6582504967188,108.199332723291,-15.1278401341167,4.34635436551175,14.3373178888622,31.3964710195455
87.0524543521136,107.028081545783,-15.4919816918247,5.27924233566416,14.7833793354167,34.2452344902487
87.5385891885805,105.467343902735,-15.8359836065662,6.29576315046979,15.1597903994613,37.1327311327919
88.0906453603827,103.514718031149,-16.1596049965378,7.36775873432146,15.448737260383,40.0050323115989
88.6809228750756,101.192874942845,-16.4619605361462,8.45141714652403,15.6412778235362,42.8065301521642
89.2837749639332,98.5539250578233,-16.7428459855675,9.48993798707441,15.7393592217141,45.4873539953319
89.878932077686,95.6822723509644,-17.0023696420205,10.4201401095306,15.7547638958742,48.0088556060318
90.4528392347775,92.6938688706675,-17.2401602028878,11.1820987003278,15.7051512308131,50.3464357979663
90.9970019034755,89.7320393730456,-17.4552619000454,11.7290482249759,15.6093332225714,52.489505145052
91.5059052333838,86.9576864642796,-17.6463045233657,12.0350776733602,15.4834949486644,54.4388011840255
91.9767950060541,84.5303638399431,-17.8117242462351,12.0999285318589,15.3388656459408,56.2025967362799
92.4100220957154,82.5839142490549,-17.9500891735213,11.9494804800468,15.1811522094924,57.7929469247576
92.8083791593776,81.2042262797562,-18.0602361363297,11.6294744646356,15.011668952843,59.2219426853944
93.1759337403268,80.4147086202996,-18.1412149939764,11.1941616396303,14.8292288553731,60.4979254478973
93.5173803403597,80.1760506783237,-18.1920911282298,10.6951846169335,14.631717056222,61.6220441706272
93.8379803419638,80.4023033984622,-18.2119040836548,10.1736150860322,14.4174922994465,62.5862119937607
94.1435900922561,80.9841968659483,-18.2004931117174,9.65566560978292,14.1874545316609,63.3733694109864
94.4407179669072,81.8090117780074,-18.1598037948905,9.15236577862415,13.9472711188371,63.9596089380791
94.7368573420536,82.7745242467782,-18.0943032139719,8.6625803684469,13.7080175275221,64.3169988947746
95.0407567692458,83.7987107388998,-18.0100431043933,8.17778547135793,13.4844625741898,64.4158558845516
95.3617260064387,84.8237966734757,-17.9131231633347,7.68648270556369,13.2922511208173,64.2261120592804
95.7079512185162,85.8121616923424,-17.8085728719051,7.17695087787764,13.1457044694451,63.7188336138612
96.0850680490167,86.7373190291331,-17.7001825909803,6.6395612041499,13.056439307594,62.8678876201462
96.4956650733708,87.5771854688631,-17.5908991780572,6.06976629493347,13.0322001535869,61.6504399523746
96.9389660331558,88.3129330432147,-17.4829917147441,5.47035099518177,13.0758938225945,60.0466431427501
97.4102352504466,88.9312979300509,-17.3777546287932,4.85193582719253,13.1848996482717,58.0406149351494
97.9009383575947,89.4276622215705,-17.2753074994595,4.23247781402957,13.3508190307659,55.6239000988176
98.4003295913767,89.808733194758,-17.1750035826557,3.63651188179216,13.5604381026398,52.8001771165442
98.8975214200783,90.0934072178696,-17.075959064272,3.09356570694075,13.7982558359702,49.5890956065807
99.3832759567511,90.3105637462329,-16.9769433524031,2.63446775947916,14.0496247575294,46.0287052032009
99.8515119383501,90.4936819014619,-16.8759303357205,2.28630236994978,14.3032505405787,42.176862488315
100.300106562657,90.6729446970605,-16.7700892694546,2.06759786073783,14.5526912085446,38.1111129046463
100.730361812884,90.8675972136735,-16.6561997533256,1.98374550862657,14.796984510054,33.9257114159885
101.14523535601,91.0818705988046,-16.5310985301145,2.02379079049526,15.0405049894509,29.7249168422445
101.547549270782,91.3043670929268,-16.3921514199997,2.16127421925164,15.2923990434309,25.6146984237631
101.93935925051,91.5094856835716,-16.2377178055581,2.35928202198445,15.5660010898631,21.6973100784437
102.322096780133,91.6616611133561,-16.0673068744814,2.57714775870358,15.8784552663203,18.0693495823956
102.696311033348,91.7228399129598,-15.8811050224964,2.77680589402548,16.2505890248161,14.8187980747168
103.060416495048,91.6612602819641,-15.6789991626177,2.92756223969868,16.7066860127069,12.0181986571392
103.408940765564,91.4594813147141,-15.4599312105016,3.00819937406955,17.2736413107367,9.71647189585457
103.731573822067,91.1193652071378,-15.2219938361631,3.00688695794802,17.9794384131492,7.93294169371629
104.013189489651,90.661582597093,-14.9624845349289,2.92008525941392,18.8515226851677,6.65518082044946
104.233939041372,90.1202972430046,-14.6771535299353,2.75106190226732,19.9155793702955,5.84230772897399
104.369690661545,89.5360994329664,-14.3590358666899,2.50881892774194,21.1945711842938,5.43360782962472
104.393012935383,88.9499241288811,-13.9976343392858,2.20742629717678,22.7081419860753,5.35783788019408
104.27377242055,88.3994915714468,-13.5783722071666,1.86490654929884,24.4726436150141,5.53999003948855
103.980409251607,87.9181364947145,-13.0824664933563,1.50196812625755,26.5005493961615,5.90756809602523
103.484219257969,87.5351003819746,-12.4882501794856,1.14127011812946,28.7976451198725,6.39713859565452
102.76476844294,87.2755225521589,-11.7742534204191,0.806217371576144,31.3588791099652,6.95792732730869
101.812161885031,87.1577972306813,-10.9239214148109,0.517059049632758,34.1656879650469,7.55012539611203
100.626279311099,87.1893223944375,-9.93193380919118,0.285067360459536,37.1855340273485,8.1401416263974
99.2154606779553,87.3642714591339,-8.81023227529351,0.109294227186939,40.3722945555724,8.69838118723135
97.5953684998022,87.6645717546904,-7.5906247939601,-0.021772565833176,43.6677372569615,9.20106891550481
95.7888788715987,88.063788155411,-6.32331458355196,-0.125678427235616,47.0041652590483,9.63207328034937
93.8274281849728,88.5331384732901,-5.07243274188534,-0.221539354138373,50.3069843759137,9.983254184109
91.7532300774289,89.0464274753867,-3.90827192322703,-0.326410965423138,53.4985534219462,10.2545264092331
89.6226129135078,89.5818572658359,-2.89684235599066,-0.452318372223749,56.5057774383654,10.4525207389464
87.5094592475303,90.1222939238986,-2.09038932358344,-0.60474900430373,59.2702804200809,10.5872748415156
85.5053466595512,90.6552630969534,-1.52229945004504,-0.782515742005545,61.7570143132051,10.6690119756047
83.7124655776527,91.1727471534612,-1.20652189137532,-0.9783383261058,63.9571376114043,10.7063477413732
82.2282374440422,91.6710911916898,-1.13880790300159,-1.18060734676012,65.8836926194961,10.7054904293176
81.1263390668838,92.1508657811069,-1.29837626854487,-1.37620508038141,67.5627566552677,10.6699685517314
80.4395618543568,92.6162319034709,-1.65185988500298,-1.55298712913669,69.0242769334583,10.6011684040103
80.1498184514918,93.0736479795542,-2.15983572209176,-1.70118018796423,70.2943975448919,10.5000291128896
80.1935620773628,93.5299059579285,-2.78293864766569,-1.8141464112638,71.3891182113096,10.3691589817681
80.4827590912432,93.9902979825942,-3.4855696308818,-1.8889677433154,72.3104279842007,10.2136335208031
80.9289877925871,94.4582496357921,-4.23734343505962,-1.92661780765819,73.0463696413715,10.0401271574455
81.4597034195261,94.9359566435135,-5.01275308762778,-1.93125176047239,73.5739806905218,9.85621887029669
82.0247024975364,95.4241469214208,-5.78990584663409,-1.90867119749968,73.863325004174,9.67053673891977
82.5953289254452,95.920831259807,-6.55000939349553,-1.86435175111003,73.88193336298,9.49248250210456
83.1597304974985,96.4206999520282,-7.27826157875446,-1.80166450883495,73.5989004447321,9.33157257202947
83.7173463646433,96.9163007217229,-7.96454640673245,-1.72159385755013,72.987627103815,9.19749526167431
84.2741584229769,97.4005309806261,-8.60256206094683,-1.62438573387703,72.026792464972,9.10042426480279
84.8382800063013,97.8688243901382,-9.18814092807863,-1.51166819330333,70.7003482919054,9.0501082524821
85.4156166671698,98.3198425334664,-9.71829477197792,-1.387617572792,68.998172365356,9.05355532955338
86.0069839233201,98.7550148529049,-10.1913325315816,-1.25887126823434,66.9178001309798,9.11294865699357
86.607810597774,99.1779157627267,-10.6068294229578,-1.13333020264432,64.4661370986083,9.22538448969393
87.2092318789833,99.5939024739912,-10.9646213966096,-1.01801059998787,61.660486596027,9.38417863827375
87.7993842046,100.009715254052,-11.2640479410419,-0.916909349761576,58.5289620275227,9.58044843024013
88.3654630680012,100.432395459605,-11.5048295701326,-0.830193302324073,55.1106516145666,9.80449260128776
88.8965157706494,100.867807839455,-11.6888678809342,-0.754673505386197,51.4553882245285,10.0473173368655
89.3854525594131,101.319962287902,-11.8214012318224,-0.685094139069286,47.6217304041486,10.3023292679794
89.8285824123258,101.791171883004,-11.9112578997098,-0.616031271688254,43.6733773855637,10.5666997125978
90.2219411416606,102.282302332654,-11.9704185810439,-0.543427800139049,39.6768539134674,10.8421377752082
90.5561736609166,102.793311500849,-12.012225906141,-0.464678954007726,35.7015321032609,11.135212498222
90.813172697688,103.32422148888,-12.0482624230184,-0.377815106206723,31.8201047312393,11.4571215593361
90.9663522297201,103.875717081474,-12.0856802633333,-0.281264618820232,28.1079067998722,11.8225635193306
90.9847979850435,104.448798039739,-12.1269154265125,-0.17425566000798,24.6403960555014,12.2476537202965
90.8406795422198,105.04368496373,-12.171524538752,-0.0567476067454334,21.4878888152946,12.7470153890763
90.5181626604555,105.658482060497,-12.2180713482397,0.0711603442532911,18.707841469497,13.3304181492176
90.0202489667889,106.287989042143,-12.2654228669212,0.209121575322373,16.3370721928274,13.9997143069536
89.3708811127983,106.922845191582,-12.3139302779381,0.355560370616378,14.3861084955146,14.7464597391687
88.6126001639499,107.549250003366,-12.3654752826202,0.506938087743107,12.8368880663684,15.5499511644244
87.8005404496388,108.149550960595,-12.4211859164122,0.657716659562226,11.6453003374626,16.3761185460784
86.9943611463487,108.703523426372,-12.4783532770499,0.800934579502075,10.7494922998374,17.1792124112957
