P_Ankle_Flex_Ext,NP_Ankle_Flex_Ext,P_Ankle_Abd_Add,NP_Ankle_Abd_Add,P_Knee_Flex_Ext,NP_Knee_Flex_Ext
88.3076659500033,103.116981054836,-4.02704299561494,-11.2179631624264,4.03500124351831,13.1281788308956
87.7038008059446,103.203561970897,-4.54959169192805,-10.684481766568,3.54877934485825,14.217266897708
87.1543440006267,103.254057218708,-5.10420076098702,-10.1238599932145,3.08884938656315,15.3665145153112
86.7000768521739,103.239874278468,-5.69374524068053,-9.53456971258086,2.67726932218444,16.5907074452678
86.3763658145342,103.127950436246,-6.30965562990836,-8.91151318064633,2.33366367578834,17.9092617243834
86.2042988209738,102.882612316317,-6.93300904641761,-8.24566860108834,2.06843310700646,19.3448633858102
86.1867169622787,102.467867959911,-7.53951914550326,-7.52646310533364,1.87850959087701,20.9213251677088
86.3100508959959,101.850810930157,-8.10400199957621,-6.74685330513288,1.74902254053829,22.6587844963023
86.5499988293967,101.005719039125,-8.60395344044938,-5.90789047468435,1.65992834514013,24.5688523338692
86.87845331833,99.9179150464756,-9.02499815274626,-5.02049398186963,1.59406707345864,26.6530004945274
87.2686112224775,98.5875113972578,-9.36653575077862,-4.10467196268043,1.54237022069278,28.9036268119863
87.698011470187,97.0327919185517,-9.64218998763266,-3.18699015284511,1.50428019233503,31.3054106996279
88.150753304008,95.2917429329613,-9.87310266106916,-2.29760639740858,1.48480118401623,33.8349312462867
88.6180326874355,93.4217890589043,-10.0792516356941,-1.46814062041536,1.49055687935196,36.4608352016134
89.0963614199204,91.4990498288051,-10.2752904439781,-0.73105353866618,1.52656396303105,39.1466756530559
89.585025503173,89.6156996798918,-10.4709507426732,-0.118966961690743,1.59501062933573,41.8533819136053
90.0843073692482,87.8732260404339,-10.6720280015178,0.339347983587,1.69610253639803,44.5402108114888
90.5945421288274,86.3716452379607,-10.8807355251038,0.625614297726396,1.82976478484015,47.1646590694466
91.1154188889831,85.1970854035951,-11.0968274826276,0.736633486188695,1.99735342451852,49.6809210657628
91.6454987558384,84.4105900996331,-11.3193240233514,0.684172690475863,2.20272955843123,52.0393095848465
92.1823731021524,84.0383061342294,-11.5474153005579,0.492050232964938,2.45186930667787,54.1878706632246
92.7233341883166,84.0666044465921,-11.7804850703825,0.193223358810425,2.75063730540937,56.0741506146687
93.2658707923843,84.4484766935972,-12.0178170842131,-0.173147410758219,3.10174285443918,57.6469321297308
93.8076595264328,85.1180607165763,-12.2582921532504,-0.566096202677621,3.50325421821078,58.8587281301612
94.3464918206269,86.0039998162833,-12.5002921328146,-0.949822056880026,3.9492250935999,59.6685433681105
94.8805919736933,87.0372179166604,-12.7416319746875,-1.3017362502709,4.43079643891494,60.0446316837527
95.4088545025596,88.154181811851,-12.9797417221474,-1.61671351790492,4.93731839232596,59.9676724691158
95.9304931607855,89.2982868120783,-13.2124799824446,-1.90512443656851,5.45791011928676,59.4332271381576
96.4446724683863,90.4211429641445,-13.4388079334633,-2.18650116723801,5.98270801414802,58.4499072453102
96.9506231767668,91.4838225547265,-13.6584414097727,-2.4813544955846,6.50266851086079,57.033369908723
97.4477044252455,92.4572372626825,-13.8709882629415,-2.80357541801471,7.00854272675981,55.201453514882
97.9349432519087,93.3212525751691,-14.075572700352,-3.15574366481005,7.49100122478756,52.9726038841979
98.4105852042686,94.0626185161896,-14.270918653464,-3.52876229672368,7.94231199541352,50.3666076273913
98.8719880896813,94.672932034383,-14.4549190055648,-3.90572534771421,8.35805964711813,47.409264950056
99.3159122970344,95.1484455884908,-14.6237842310787,-4.26791040827019,8.73771586639294,44.1396993663933
99.7396022400993,95.4911995675953,-14.7726232788217,-4.59995043057226,9.08412000351441,40.6145593587314
100.141954479756,95.709347265608,-14.8971918695211,-4.89271048450896,9.4027501772704,36.9078748857409
100.523685569924,95.81596809559,-14.9945388823875,-5.14346297006523,9.70137982307409,33.1080065305919
100.886630035114,95.8273425031772,-15.0632859739355,-5.35317710569919,9.99000527792987,29.3121145581409
101.232709205181,95.7618007824698,-15.104175749663,-5.52251973922757,10.2807350145043,25.6202474392302
101.562804365096,95.6383649454693,-15.1193547243549,-5.64947384141355,10.5873093232583,22.1314750450292
101.875460775073,95.4738608456877,-15.1112372644304,-5.73043718824544,10.9242911836525,18.9416767870556
102.165704471249,95.2802602104452,-15.0819346921424,-5.76412678855127,11.3058956059659,16.1375581478212
102.424671043829,95.0646801743023,-15.0325379450426,-5.75485078533218,11.7439361469205,13.784025318587
102.640429335677,94.8308075580131,-14.9624948014591,-5.71205570459522,12.2455607736343,11.9121318291654
102.800636745929,94.5792094470464,-14.8693848977653,-5.64734281080654,12.8128258932331,10.5149934307042
102.896535771847,94.3062015672288,-14.7489469301505,-5.57265071354943,13.445152898963,9.55123258789811
102.924808678892,94.003089698501,-14.595425157384,-5.50051345412823,14.1432706842925,8.95291472881397
102.884700116748,93.6577319698793,-14.4018920868419,-5.4444076820871,14.9121116591463,8.63662783219148
102.77284911886,93.2585157958118,-14.1602048161177,-5.41844414922303,15.7615600192591,8.51588501379653
102.580431789234,92.799992577506,-13.8611834065033,-5.437666187829,16.7052140508829,8.51279778223347
102.293593190751,92.2891787373971,-13.4955762263824,-5.51846627182086,17.7580214925227,8.56843289936729
101.894594935104,91.7500386907305,-13.0549251881601,-5.67588965797633,18.9353483398832,8.64879365340171
101.362754325188,91.2219571656178,-12.5314851861318,-5.91760409788643,20.2545073212126,8.74256290799556
100.675900197074,90.7499251292808,-11.9184017683316,-6.23931317631182,21.7355768899288,8.85296375111859
99.8109561848154,90.3722384761405,-11.2114349337233,-6.62535222375886,23.3989180481293,8.9891957327899
98.7432077187762,90.1138522120984,-10.4114767040187,-7.0535030388265,25.2606593236042,9.15946848244501
97.4476679600996,89.9850238609962,-9.52628735078997,-7.50034694830161,27.3285823583125,9.36552138885664
95.904958050474,89.9820640319188,-8.57074454667744,-7.94479588190052,29.5999505688174,9.600083177623
94.1099829835905,90.0907482506069,-7.5658764635541,-8.37020763481683,32.0611263680144,9.84865943884289
92.0790363978405,90.2916713399368,-6.53724666677435,-8.76550138797245,34.6864467394037,10.0938879403555
89.8524563931,90.5645372107505,-5.51316299530363,-9.12498659682889,37.4359191868715,10.3199247690692
87.4948982807073,90.890090797015,-4.52274118599788,-9.44758202536183,40.2559334116352,10.5157449015991
85.0952526184097,91.2511651992411,-3.59436947266446,-9.7362296248473,43.0850145831276,10.6762773017257
82.7633498797904,91.6339803062705,-2.75510867386488,-9.99712411143428,45.8621445267827,10.8010015752851
80.6212601530566,92.0285069470537,-2.02953521489875,-10.2380423050129,48.5344189915721,10.8915332667132
78.7910859868071,92.4272798475052,-1.43767781114376,-10.4663921711246,51.0606144623915,10.9498281294698
77.3817640972997,92.8241781811861,-0.994228304100578,-10.6884116663174,53.4098427662133,10.977356043333
76.4759689935531,93.2145442625174,-0.709732424457369,-10.9097081390196,55.5583523312106,10.9754328290175
76.116120905664,93.5959098221065,-0.592053226757626,-11.1358534320974,57.484632877213,10.9467222591009
76.2923953924778,93.9678692531859,-0.644684832760127,-11.3716171612849,59.1616330881856,10.896476261161
76.9427996446813,94.3311695395996,-0.860032004779173,-11.6193079755525,60.5518587907441,10.8323437486821
77.9692352369961,94.6868457565619,-1.21250391105282,-11.8780561285592,61.6104834252019,10.7633735993908
79.260019465377,95.0359604183916,-1.65962742343688,-12.1440994013574,62.2930153729738,10.6987930529155
80.7073896934333,95.3801185952301,-2.15223894424543,-12.4111539593242,62.561976023864,10.64674011052
82.2163479393113,95.7218266871626,-2.6452787448886,-12.671185451607,62.3902266393288,10.6135384400232
83.7072938291109,96.0637459091779,-3.10336152727918,-12.9155205171132,61.7624398370293,10.603489327759
85.1167552743531,96.4075678828221,-3.50322376030276,-13.1355314545287,60.6762420238415,10.6184760105781
86.3981072626123,96.7537698116425,-3.83378276462368,-13.3232904523677,59.1416809395436,10.6572000252201
87.5210104731345,97.1020056025693,-4.09311808593514,-13.4729040597991,57.1789548329428,10.7145343824657
88.4700023450999,97.4512164808176,-4.28489630384112,-13.5818213889698,54.8159674439383,10.7814091631966
89.2426011074929,97.7997635748644,-4.41607511096627,-13.6510592259169,52.087163336575,10.8459610546522
89.8454351044996,98.1456628971704,-4.49559420748945,-13.6850562900685,49.0350270287316,10.8966069294034
90.2896975581511,98.4863637927762,-4.5335648835788,-13.691365287835,45.712625618697,10.9257435498288
90.588114244465,98.8189761501387,-4.54030494934853,-13.6779464684728,42.1835887802067,10.9322072878337
90.7534916283412,99.1409123228825,-4.5248999550196,-13.6490724873306,38.5188265433751,10.921737768894
90.798970812583,99.4495742928941,-4.49425740120247,-13.6042141242969,34.792406616065,10.905167566187
90.7399025839902,99.7421951913762,-4.4535346150137,-13.5400815949743,31.0781717693527,10.895178796905
90.5955079079264,100.016758892925,-4.40696584405857,-13.4527972845733,27.4469496242839,10.9036349242368
90.3888029835562,100.272828554722,-4.35817538143516,-13.3388888709142,23.9646424702263,10.9404919769833
90.1450040605708,100.512021352412,-4.3105265673729,-13.1954981067049,20.6904164223336,11.0136160182065
89.8887695685526,100.738178974835,-4.26783470848792,-13.0208040224695,17.6733113761762,11.1290616189231
89.6411196932865,100.95669008278,-4.23459137981867,-12.8152606078846,14.9486326842392,11.2914431977125
89.4170721582254,101.172869554985,-4.21434304676087,-12.5830740888753,12.5365058586215,11.5034417978786
89.2240113042875,101.390074558844,-4.20680208610179,-12.3327728701779,10.4422518437951,11.7649547528979
89.0615673183784,101.608847561311,-4.20637041340352,-12.0757571942865,8.65809282029487,12.0731194716771
88.923613294615,101.827654146069,-4.20305493474584,-11.8225993446296,7.1657233797468,12.4227946185586
88.8012466700519,102.044053613802,-4.18497707681296,-11.5797058144101,5.93819853752088,12.8064120074565
88.6861591627767,102.254901205194,-4.14255995625823,-11.349904415212,4.94194486319793,13.2130018033286
88.5741424421664,102.45577781378,-4.07376917052833,-11.1359868738324,4.14066866617973,13.6268548947438
88.4670343138697,102.640652879553,-3.98708081756041,-10.9431044203205,3.50067252690606,14.026486616064
