P_Ankle_Flex_Ext,NP_Ankle_Flex_Ext,P_Ankle_Abd_Add,NP_Ankle_Abd_Add,P_Knee_Flex_Ext,NP_Knee_Flex_Ext
94.4705494535199,104.291809323236,-5.69590983072714,-7.63123224506413,9.34781356646565,11.3402731646413
92.9140566503895,104.145138159828,-6.85858779859085,-7.25927683312329,10.5831480005429,12.3226939915335
91.4713657260492,103.936719320431,-8.00114862694998,-6.83902732178464,11.7953084500256,13.3929572883058
90.2346765732111,103.62909860895,-9.09542822233561,-6.35694119007079,12.9447165295055,14.5860183543344
89.2844128849806,103.183009201246,-10.0977673660499,-5.80559434100924,14.0105144703693,15.9395502434504
88.6680786835023,102.559876384616,-10.9576246729517,-5.18445002915414,14.9821466029452,17.49241259032
88.3902517360482,101.725044294492,-11.6318588452235,-4.50013012654139,15.8484796191132,19.2815029760862
88.4185208076343,100.65175508564,-12.0973018570943,-3.76792463643159,16.5920399382066,21.3350502064537
88.6961432023526,99.3260749875886,-12.3574737215961,-3.01361096936618,17.1896825852729,23.6647351820495
89.1554281557781,97.7523888914115,-12.4429295051328,-2.27281804010937,17.6185467269266,26.2617262328324
89.7305570371474,95.9567138433596,-12.406478874944,-1.58620947320835,17.8652327319731,29.1002065553531
90.3670793024138,93.986999213688,-12.3132441202552,-0.992541810652334,17.9336238116284,32.1441378562608
91.02513026595,91.9128206967376,-12.2259276639346,-0.523726782207369,17.8467467512005,35.3490099949744
91.677509476719,89.8243409875384,-12.1891527256404,-0.203169059941698,17.6424006671376,38.6578942078336
92.3063829866751,87.8284686824029,-12.2191481202351,-0.0452792140653009,17.3654936510431,41.9980391690766
92.901018337048,86.0410612326867,-12.3046043838322,-0.0541377745910498,17.0597992460321,45.2832978464934
93.4567558121222,84.5730381572492,-12.41932298074,-0.22170143821898,16.7607268055979,48.4248851720053
93.973917903094,83.5116943078045,-12.5386370175312,-0.527392830507605,16.4905228044927,51.3462747152014
94.4557256021423,82.9048699404527,-12.6491165362514,-0.93965441016997,16.2574594836961,53.9922186281628
94.9059639775578,82.7533197987588,-12.7478336784119,-1.41941351044168,16.0583491003863,56.3288358692871
95.3273468786901,83.0120505136476,-12.8353997474592,-1.92532422927661,15.8816302591475,58.3397623113401
95.7209344631669,83.6019603275315,-12.9099192790653,-2.41924080363536,15.709895636778,60.0221894046178
96.0866504066652,84.4298417633235,-12.9656455172396,-2.87038868992175,15.5226475859271,61.383534274369
96.4241837681043,85.4079502698972,-12.9949705561401,-3.25765807285243,15.2998932760417,62.4375610918007
96.7336048356485,86.4652643441769,-12.9912162248395,-3.57000074392404,15.0260935794309,63.1995378117389
97.0159270633849,87.5496424481355,-12.9511581693441,-3.80584132783567,14.6930923134694,63.6819556224468
97.2738443317954,88.6245349709725,-12.8767340279341,-3.97271460581978,14.301118254599,63.8914720360602
97.5126995625218,89.6644750440456,-12.7749416445109,-4.08680756392537,13.8580851409246,63.8267987993934
97.7416003117896,90.6515717538883,-12.6559443263926,-4.1706831190077,13.3778347949341,63.4777081940862
97.9733672964066,91.5729494669451,-12.5312087905614,-4.24901629467666,12.8780180598568,62.8254137877175
98.2219459240281,92.4184370915807,-12.4125593982541,-4.34394591730398,12.3780914377954,61.844387602358
98.4984820245539,93.1783419352749,-12.311195269583,-4.471014315322,11.8972055949856,60.505052789247
98.8084178802344,93.8423518122279,-12.2362307058967,-4.63618423762767,11.4520225141921,58.7762129880768
99.1504107737122,94.4004880233225,-12.1934402785679,-4.83455150880508,11.0553214897832,56.6270999638792
99.5174516863063,94.8453881568821,-12.1846327081078,-5.05080763259361,10.7155593653771,54.0306493080871
99.9002822070618,95.1742267611126,-12.2074604361607,-5.26126543558915,10.4367181626821,50.9696068092015
100.290842010807,95.3891774214138,-12.2559986816169,-5.43712194842818,10.2184099177451,47.4455968513177
100.683276859844,95.497182836142,-12.3226272907636,-5.54794688495767,10.0566614232716,43.4886135006999
101.073293090979,95.510384218032,-12.4002287582608,-5.56469243074611,9.94531764340144,39.1610288440513
101.4581459785,95.4471055206889,-12.4830199260431,-5.46277624428204,9.87782219690981,34.5545893397032
101.837447859602,95.3310980337124,-12.5661101338278,-5.22584668977143,9.84923649243493,29.7874415485173
102.21319764592,95.1862044915914,-12.6449570319012,-4.84913671382073,9.85812336788786,25.0047825498218
102.588353496959,95.0281401640166,-12.7150650940988,-4.34122204616274,9.90768873324554,20.3793095948901
102.964890790666,94.85882160972,-12.772011984475,-3.72508419975902,10.0057339930044,16.106121187729
103.342793602448,94.6654151293353,-12.8115773184078,-3.03889409955778,10.1636109918744,12.3848962320404
103.720082199556,94.423021095258,-12.8290913333457,-2.33529913547413,10.394830248181,9.38846196657288
104.092409723101,94.1004414683949,-12.8178734919902,-1.67833643513217,10.7136582980764,7.22969319714011
104.451705099283,93.6686354310117,-12.7677221427252,-1.13763236602063,11.1337533752612,5.93838133280585
104.784931073963,93.1101869522253,-12.664504971295,-0.779088579555642,11.667367919818,5.45328320086525
105.07403036267,92.4259885014194,-12.4912004778,-0.651317393938316,12.3260442252607,5.63391716146825
105.296927872456,91.6360366268829,-12.2299626609563,-0.77147532912322,13.122471200191,6.29146124759609
105.428608185826,90.776613979496,-11.8644836889424,-1.11860632496535,14.0719466226208,7.22865980034788
105.441985231651,89.8983656093395,-11.3814399003204,-1.64034419632517,15.1931447404258,8.27691303819996
105.308698252725,89.0657239735157,-10.7704327906564,-2.27075258104478,16.508139681695,9.32153294218747
104.999592009648,88.352449146946,-10.0236904604709,-2.94941448263587,18.0406963928561,10.3077767889538
104.485185431211,87.8272799310758,-9.13668059592151,-3.63325103362631,19.813604495465,11.2266096021703
103.73723451817,87.5348258031513,-8.11000783728967,-4.29821816741555,21.8456918742082,12.0891406744603
102.731947082079,87.4852218610719,-6.9530403582571,-4.93194116236275,24.1473060589305,12.9026591418411
101.45487227808,87.656609928386,-5.68927310333904,-5.52339323288988,26.7159074511835,13.6569560474607
99.9070145833089,88.0052747295111,-4.36159752432216,-6.05743414705811,29.5355861295448,14.3233222671247
98.1098478135485,88.4788673824989,-3.03288199634963,-6.5181517032067,32.5809772138781,14.86454491273
96.107800767519,89.0280750033345,-1.7794538928561,-6.89788581825665,35.8211622645912,15.2495897737342
93.969871888524,89.6128831593791,-0.680321755577751,-7.20319424882331,39.2182808850976,15.4644361002004
91.7904906504753,90.2040178389231,0.194813052295559,-7.45219416194965,42.7213246334314,15.5156048094541
89.6856857353649,90.7823656270286,0.796103337827246,-7.6654605584223,46.2622908837002,15.4279342636924
87.7810672038323,91.3376471660089,1.09935739613573,-7.85679671750995,49.7618490988686,15.2384935977706
86.1942972626032,91.8662151277551,1.10691184311121,-8.02964376015254,53.1419875023601,14.9881554209035
85.0187479688527,92.3683714780215,0.845575210831269,-8.18057049178537,56.334934845854,14.7128896552268
84.3109760822295,92.8459775396603,0.361312371000577,-8.30590746701039,59.2835640087086,14.4374431983379
84.0812747088493,93.3005276740221,-0.289827152765934,-8.40530179919285,61.9381992994569,14.173342822172
84.2905839651482,93.732225267118,-1.05107997030191,-8.4799557420914,64.2559639860993,13.9209215651364
84.8589922009414,94.1405256067974,-1.87058612532094,-8.5294707855991,66.2038754558787,13.6731223127362
85.685178834606,94.5252293352092,-2.70315000565849,-8.55116365174955,67.7627516186588,13.4185810905823
86.6689230659698,94.8871353433797,-3.51021853468192,-8.54194875569031,68.9282059654842,13.1437140767525
87.7268146628895,95.2279827080593,-4.25979001886755,-8.50094472189106,69.706577688924,12.8354270835943
88.7969432298322,95.5501057796571,-4.92758823161177,-8.43043372200218,70.1082084744432,12.4844482251255
89.8359076714827,95.8565028636876,-5.4994588596841,-8.33479283324108,70.1424294606725,12.0876912352923
90.8133812570062,96.1508926672853,-5.97384464891591,-8.21931416384398,69.8150160218594,11.6491589518215
91.7073041336614,96.4371648581402,-6.36324324025578,-8.08973957224064,69.1267950549031,11.1799002566346
92.5010645076977,96.7188181012377,-6.69269528946005,-7.95222773879444,68.0726892078886,10.6968330140728
93.1828455535889,96.9988272453323,-6.99448648247576,-7.81353003537646,66.6410281301787,10.2201153368447
93.746250928306,97.2797373550212,-7.30133134672224,-7.68054019341224,64.8140752877194,9.77013175196692
94.1911420434802,97.5639136374301,-7.64022091989128,-7.55917035642689,62.5709874526456,9.36514507401965
94.5233287636773,97.8538372335421,-8.02707359918113,-7.45399713432159,59.8930653146964,9.01941443408897
94.7525398437155,98.1521601774707,-8.46230312488537,-7.36874170147186,56.7698453118195,8.74181054280772
94.8906772837998,98.4614709580282,-8.92923004429903,-7.3057549456864,53.2039147875707,8.5354373227314
94.9525370596909,98.7839175490697,-9.39670034796674,-7.26453033898806,49.2155194962453,8.39822217128155
94.9587613212502,99.120785203713,-9.82441463810023,-7.24149969420591,44.8496231201711,8.3242928125059
94.9382979480549,99.4721480768652,-10.1696759741429,-7.23150946211794,40.1812655000174,8.30600092031675
94.9262350541101,99.8367144315856,-10.3951980140195,-7.22943292065705,35.3144393272417,8.33615233533369
94.9556151433309,100.212219426214,-10.4758383090223,-7.23120060155667,30.3773798915523,8.40990685493511
95.0465888839805,100.596415957647,-10.4021222976869,-7.23427773561789,25.5182983830101,8.52584141567
95.1977441386854,100.987684027527,-10.1804891913725,-7.23804554567944,20.9029061072768,8.68607577433398
95.383955239442,101.38453707702,-9.82978249655437,-7.24419088349033,16.7112677934568,8.89564353238403
95.5630023954653,101.784650182998,-9.37416872303899,-7.25596201604441,13.1254570766897,9.16108214777351
95.6876637449113,102.18452249995,-8.83726812844755,-7.27617431459078,10.3028247252061,9.48831506059521
95.7168672240147,102.579821280244,-8.24175668090505,-7.305584283567,8.3435770167416,9.88000926448976
95.6240562966462,102.965361838262,-7.61205958961354,-7.34245217540895,7.26620207751403,10.332613079655
95.4049247178534,103.334512497969,-6.97568138610805,-7.38307293336376,6.99618704878163,10.8335185383214
95.0818580973045,103.679145607066,-6.36135600000334,-7.42332629391348,7.3705663654291,11.3594642174876
94.6992120337768,103.990550405464,-5.79516861618099,-7.46062655965036,8.1632248416641,11.8780141232681
